================================================================================
Phase 6 Generalization Report | model=gdgn
ckpt: data/model/ablation/05_arch/best_model.pt
kinds evaluated: ['lodo', 'lco']
total inference time (full-pool): 1517.0s
================================================================================

[Note] 数据泄漏口径说明:
  - 这是 Phase 6 真泛化口径: 每折留出一个未见药物 (LODO) 或未见癌症类型 (LOCO).
  - 与 Phase 4 final_eval_report.txt 中 paired random split 不同:
    Phase 4 的 cell/drug 同时出现在 train/val/test, 评估已见 cell/drug 新组合.
  - 本评估**纯推理**, 不重训; 用 Phase 4 已训 ckpt 直接在留出集上算指标.
  - 若 LODO/LOCO PCC 显著低于 Phase 4 paired-split PCC, 说明模型对未见 cell/drug
    的泛化能力有限 (这正是 GDGN 图架构应优于 baseline 的口径).

================================================================================
[Leave-One-Drug-Out (LODO)] 共 184 折
================================================================================
--- 汇总 ---
  pooled (全 test 拼起来评估): PCC=0.9182 RMSE=1.1753 Spearman=0.8864 N=66543
  PCC  | mean=0.6577  median=0.6773  weighted_mean=0.6567  std=0.1186
  RMSE | mean=1.1103  median=1.1158  weighted_mean=1.1138
  7 无 DTI 药物 folds (跨折 pooled): PCC=0.8749  RMSE=1.3503  N=2220  across 7 folds

--- 每折明细 ---
fold held_drug_idx         N      PCC  Spearman     RMSE      MAE    no_dti
0    0                   327   0.7151    0.6861   0.6960   0.5206         -
1    1                   404   0.5984    0.5930   1.1142   0.8205         -
2    2                   324   0.6388    0.6217   1.6696   1.3380324 (no_dti)
3    3                    77   0.7313    0.6206   0.6952   0.5722         -
4    4                   401   0.7854    0.7360   0.5466   0.4334         -
5    5                   404   0.7459    0.7315   1.1397   0.9056         -
6    6                   382   0.6871    0.6731   0.6537   0.5020         -
7    7                   324   0.7668    0.7460   1.4296   1.1627         -
8    8                   385   0.6530    0.6158   1.2262   0.9793         -
9    9                   402   0.7059    0.6841   0.7552   0.5916         -
10   10                  403   0.7940    0.7568   0.7426   0.5969         -
11   11                  329   0.7802    0.7650   1.4012   1.0958         -
12   12                  324   0.2810    0.3295   2.0533   1.6717324 (no_dti)
13   13                  326   0.7395    0.6965   0.9375   0.7455         -
14   14                  327   0.4876    0.4656   1.8841   1.7219         -
15   15                  327   0.8261    0.8354   1.2913   1.0510         -
16   16                  403   0.7706    0.7656   1.3154   1.0775         -
17   17                  401   0.7750    0.7707   1.2593   1.0381         -
18   18                  401   0.8053    0.7989   1.0580   0.8761         -
19   19                  403   0.6789    0.6414   1.4043   1.1314         -
20   20                  402   0.7587    0.7736   2.0414   1.7052         -
21   21                  324   0.8189    0.7977   0.4960   0.3768         -
22   22                  403   0.7500    0.7322   0.6746   0.5228         -
23   23                  399   0.7032    0.6871   1.5465   1.2625         -
24   24                  401   0.5186    0.5736   1.0171   0.7305         -
25   25                  324   0.6213    0.5929   1.5395   1.3861324 (no_dti)
26   26                  399   0.7637    0.7638   1.2059   0.9999         -
27   27                  373   0.3280    0.3111   2.3464   2.0436         -
28   28                  404   0.7906    0.7974   1.4324   1.1897         -
29   29                  401   0.6335    0.6660   0.8711   0.6510         -
30   30                  401   0.6403    0.5969   0.7921   0.6281         -
31   31                  399   0.5229    0.5313   1.1699   0.8788         -
32   32                  403   0.5590    0.6017   1.3344   1.0231         -
33   33                  401   0.6847    0.6732   0.8668   0.6183         -
34   34                  399   0.7780    0.7549   0.6254   0.4727         -
35   35                  401   0.5881    0.4879   1.2102   1.0418         -
36   36                   77   0.7028    0.6159   0.7743   0.5981         -
37   37                  324   0.7231    0.7254   1.0908   0.8578         -
38   38                  324   0.8012    0.7989   1.2312   0.9958         -
39   39                  402   0.8011    0.7865   1.2219   0.9894         -
40   40                  404   0.5340    0.4125   0.6785   0.5421         -
41   41                   77   0.7753    0.7647   0.8852   0.746477 (no_dti)
42   42                  401   0.6345    0.6791   1.2569   0.8139         -
43   43                  324   0.6160    0.6102   1.5495   1.1443         -
44   44                   77   0.7480    0.7318   0.9139   0.7596         -
45   45                  329   0.4198    0.3214   1.2223   1.0229         -
46   46                  393   0.5847    0.4983   0.7186   0.5855         -
47   47                  382   0.7017    0.6969   0.6650   0.4959382 (no_dti)
48   48                  401   0.6202    0.5565   0.9304   0.7584         -
49   49                  324   0.7478    0.7967   0.7239   0.5214         -
50   50                  402   0.4516    0.4197   2.1167   1.6620         -
51   51                  401   0.7259    0.6779   0.7556   0.6079         -
52   52                  396   0.6298    0.6134   1.5802   1.2395         -
53   53                  397   0.8143    0.8062   1.3020   1.0587         -
54   54                  399   0.6631    0.6519   1.1644   0.8231         -
55   55                  404   0.7600    0.7207   1.0427   0.8446         -
56   56                  324   0.5229    0.5432   1.1221   0.9374         -
57   57                  345   0.7271    0.7284   1.1929   0.9219         -
58   58                  110   0.8467    0.8425   1.4242   1.0685         -
59   59                  336   0.8102    0.7844   1.1413   0.8893         -
60   60                  401   0.7732    0.7495   1.1368   0.8489         -
61   61                  399   0.6033    0.6016   1.3877   1.1356         -
62   62                  222   0.4374    0.5201   2.3873   1.9314         -
63   63                  393   0.5863    0.5856   1.3659   1.0004         -
64   64                  403   0.4498    0.4413   1.9798   1.5568         -
65   65                   99   0.4247    0.3550   1.4329   1.1843         -
66   66                  403   0.8229    0.7957   0.9720   0.7758         -
67   67                  393   0.7530    0.7452   1.1864   0.9815393 (no_dti)
68   68                  382   0.7518    0.7507   0.8662   0.6904         -
69   69                  396   0.6564    0.6419   0.7590   0.5561396 (no_dti)
70   70                  398   0.7352    0.7188   0.7720   0.6139         -
71   71                  401   0.5466    0.5470   0.9974   0.7473         -
72   72                  382   0.6524    0.6230   1.4487   1.1564         -
73   73                   77   0.6844    0.7089   1.1576   0.9253         -
74   74                   77   0.7599    0.7366   0.8032   0.6655         -
75   75                  403   0.4296    0.4352   1.6585   1.2779         -
76   76                  402   0.5748    0.6473   1.1942   0.7916         -
77   77                  403   0.7235    0.6997   1.1281   0.8889         -
78   78                  401   0.2456    0.2737   1.6963   1.3735         -
79   79                  400   0.5622    0.4673   1.7039   1.2917         -
80   80                  393   0.7277    0.7065   0.9529   0.7439         -
81   81                  385   0.8091    0.8169   1.4792   1.1922         -
82   82                  404   0.6285    0.6218   1.3304   1.0601         -
83   83                  152   0.5921    0.5767   1.1825   0.9298         -
84   84                  402   0.4181    0.4550   1.5303   1.2005         -
85   85                  399   0.7465    0.7428   0.8231   0.6473         -
86   86                  398   0.7272    0.6923   0.6427   0.4998         -
87   87                  403   0.8048    0.8118   0.9798   0.7597         -
88   88                  397   0.5892    0.6101   1.2102   0.9158         -
89   89                  403   0.5815    0.5640   1.0569   0.8163         -
90   90                  382   0.5828    0.6028   0.8313   0.6423         -
91   91                  399   0.7712    0.8230   0.7158   0.4384         -
92   92                  402   0.5730    0.5616   1.1541   0.9172         -
93   93                  399   0.8005    0.7674   0.5403   0.4311         -
94   94                  401   0.7089    0.7018   1.1447   0.9448         -
95   95                  110   0.6609    0.6119   1.1421   0.8527         -
96   96                  401   0.7543    0.7266   0.6258   0.4740         -
97   97                  343   0.5882    0.5677   0.8640   0.6681         -
98   98                  401   0.7060    0.6986   1.5023   1.1810         -
99   99                  324   0.8002    0.8094   0.9364   0.7462         -
100  100                 404   0.6253    0.6023   0.9950   0.7705         -
101  101                 403   0.7874    0.7439   0.7869   0.6041         -
102  102                 403   0.5326    0.5273   1.2243   0.9257         -
103  103                 381   0.5547    0.5641   0.9656   0.7243         -
104  104                 395   0.7654    0.7297   1.4793   1.1492         -
105  105                 399   0.7744    0.7173   0.6176   0.5090         -
106  106                 399   0.6562    0.6537   1.5697   1.2420         -
107  107                 401   0.6052    0.5856   1.1419   0.9014         -
108  108                 380   0.4904    0.5298   1.5329   1.1585         -
109  109                 403   0.7458    0.7552   0.9144   0.7208         -
110  110                 403   0.4878    0.4800   1.6377   1.2876         -
111  111                 396   0.6630    0.6137   1.2664   1.0659         -
112  112                 382   0.7815    0.7548   0.9430   0.7549         -
113  113                 404   0.6829    0.6732   1.1069   0.8528         -
114  114                 403   0.4974    0.4277   1.6753   1.2696         -
115  115                 382   0.7415    0.7387   1.1355   0.9228         -
116  116                 385   0.7477    0.6940   0.7717   0.5938         -
117  117                 401   0.6338    0.6071   1.1478   0.8936         -
118  118                 324   0.5808    0.5865   1.1880   0.9223         -
119  119                 330   0.6288    0.6104   1.1189   0.9170         -
120  120                 382   0.3937    0.3742   1.0698   0.8552         -
121  121                 382   0.7743    0.7420   0.5924   0.4671         -
122  122                 396   0.6504    0.6319   1.0226   0.7506         -
123  123                 109   0.6470    0.6089   1.0393   0.8737         -
124  124                 398   0.4994    0.4870   1.6984   1.3408         -
125  125                 382   0.6910    0.6719   0.9852   0.8054         -
126  126                 399   0.4937    0.5918   1.6497   1.1083         -
127  127                 399   0.7640    0.7347   0.7098   0.5351         -
128  128                 323   0.8026    0.7917   0.8570   0.6693         -
129  129                 395   0.6671    0.6256   1.2794   1.0191         -
130  130                 324   0.6395    0.6424   1.1993   0.9563         -
131  131                 400   0.6942    0.6502   0.7521   0.5977         -
132  132                 399   0.6990    0.6910   1.4396   1.1446         -
133  133                 382   0.7040    0.7012   1.3200   1.0950         -
134  134                 403   0.6382    0.5648   0.8926   0.7187         -
135  135                 382   0.6894    0.6509   1.1788   0.9495         -
136  136                 324   0.5104    0.4958   1.2847   1.0220         -
137  137                 401   0.6599    0.6390   1.4380   0.9371         -
138  138                 377   0.4366    0.4625   2.1774   1.5317         -
139  139                 396   0.7585    0.7356   1.0246   0.8227         -
140  140                 403   0.5769    0.5803   1.3767   1.0639         -
141  141                 402   0.4932    0.4565   1.3318   1.0040         -
142  142                 403   0.6498    0.6368   1.2937   1.0336         -
143  143                 110   0.4559    0.3401   0.8648   0.6844         -
144  144                 401   0.4827    0.4625   1.2165   0.9591         -
145  145                 382   0.6111    0.6042   1.3793   1.1992         -
146  146                 380   0.7089    0.6773   0.9077   0.6902         -
147  147                  77   0.7013    0.6176   0.7294   0.5920         -
148  148                 401   0.6590    0.5882   0.6666   0.5415         -
149  149                 403   0.6035    0.5993   1.1174   0.8839         -
150  150                 401   0.6837    0.6256   0.7216   0.5540         -
151  151                 403   0.8062    0.7785   0.5771   0.4445         -
152  152                 395   0.6131    0.5683   0.6241   0.4868         -
153  153                 403   0.7917    0.8035   0.6461   0.4622         -
154  154                 382   0.6743    0.6277   0.8232   0.6737         -
155  155                 324   0.7795    0.7858   0.6287   0.4940         -
156  156                 382   0.6955    0.6646   1.2822   1.0410         -
157  157                 382   0.6140    0.5884   0.9487   0.7734         -
158  158                 381   0.6386    0.6195   0.8054   0.6459         -
159  159                 401   0.5185    0.5037   1.0279   0.7275         -
160  160                 396   0.7335    0.6850   0.7658   0.5936         -
161  161                 326   0.8486    0.8260   0.5688   0.4266         -
162  162                 403   0.7661    0.7448   0.6934   0.5453         -
163  163                 395   0.6301    0.5787   0.8529   0.7152         -
164  164                 401   0.4422    0.4297   1.1804   0.8964         -
165  165                 324   0.6087    0.5911   0.7494   0.5604         -
166  166                 382   0.5664    0.5176   1.1301   0.9576         -
167  167                 324   0.6757    0.6651   0.6634   0.5261         -
168  168                 324   0.7338    0.7160   0.5787   0.4678         -
169  169                 326   0.7245    0.6696   0.6634   0.5333         -
170  170                 403   0.4829    0.4790   0.9564   0.7120         -
171  171                 382   0.7812    0.7436   0.5077   0.4037         -
172  172                 401   0.7707    0.7314   0.8265   0.6640         -
173  173                 396   0.6457    0.6114   0.9051   0.7106         -
174  174                 322   0.6472    0.6634   2.0974   1.5711         -
175  175                 398   0.3903    0.3341   1.3269   1.1162         -
176  176                 324   0.7149    0.6848   0.6470   0.5394         -
177  177                 401   0.5301    0.5247   1.1673   0.8993         -
178  178                 403   0.7272    0.7192   1.3517   1.1186         -
179  179                 392   0.5896    0.6468   1.0457   0.7326         -
180  180                 382   0.7149    0.6867   0.7341   0.6043         -
181  181                 399   0.7196    0.7215   1.5091   1.1198         -
182  182                 397   0.6741    0.6800   0.8123   0.6214         -
183  183                 401   0.8102    0.8192   0.9457   0.7547         -

  Pooled 95% CI bootstrap (n=1000): PCC=[0.9167, 0.9197]  RMSE=[1.1660, 1.1844]

================================================================================
[Leave-One-Cancer-Out (LOCO)] 共 35 折
================================================================================
--- 汇总 ---
  pooled (全 test 拼起来评估): PCC=0.9182 RMSE=1.1753 Spearman=0.8864 N=66543
  PCC  | mean=0.9194  median=0.9207  weighted_mean=0.9151  std=0.0134
  RMSE | mean=1.1535  median=1.1364  weighted_mean=1.1724

--- 每折明细 ---
fold held_cancer_type                  N      PCC  Spearman     RMSE      MAE
0    AML                            1506   0.9043    0.8836   1.3118   0.8872
1    B-cell_ALL                      679   0.9389    0.9091   1.1171   0.7911
2    CML                             994   0.8936    0.8928   1.3986   0.8998
3    Ewings_Sarcoma                  512   0.9252    0.8891   1.1643   0.8509
4    T-cell_ALL                     1176   0.9246    0.8791   1.1243   0.8434
5    bile_duct                       172   0.9443    0.9165   0.9677   0.7572
6    breast                         6387   0.8968    0.8544   1.2587   0.9348
7    colorectal                     4400   0.9093    0.8786   1.2262   0.9342
8    endometrium                     853   0.9268    0.8913   1.0711   0.7975
9    esophagus                      2468   0.9181    0.8903   1.1364   0.8460
10   glioma                         3628   0.9331    0.8940   1.0821   0.8311
11   kidney                         1793   0.9165    0.8847   1.1728   0.8994
12   leukemia_other                  319   0.9248    0.8886   1.2146   0.8720
13   liver                          1364   0.9066    0.8580   1.1352   0.8660
14   lung_NSC                       7885   0.9228    0.8931   1.1115   0.8371
15   lung_small_cell                5743   0.9131    0.8654   1.1699   0.8889
16   lymphoma_Burkitt                511   0.9328    0.8723   1.1091   0.8468
17   lymphoma_DLBCL                  492   0.9243    0.8650   1.1810   0.8933
18   lymphoma_Hodgkin                170   0.9161    0.8504   1.1046   0.8586
19   lymphoma_other                  763   0.9066    0.8447   1.3123   0.9784
20   medulloblastoma                 340   0.9439    0.9005   1.0160   0.7815
21   melanoma                       4331   0.8984    0.8568   1.2606   0.9247
22   mesothelioma                    642   0.9107    0.8706   1.1866   0.8910
23   multiple_myeloma               1506   0.9011    0.8572   1.3151   0.9586
24   neuroblastoma                  1429   0.9064    0.8800   1.2041   0.8937
25   osteosarcoma                    827   0.9242    0.8814   1.0913   0.8067
26   other                           170   0.9308    0.8864   0.9436   0.6974
27   ovary                          3750   0.9195    0.8887   1.1401   0.8505
28   pancreas                       2945   0.9260    0.8966   1.1058   0.8470
29   prostate                        514   0.9207    0.8699   1.1419   0.8760
30   soft_tissue                    1363   0.9265    0.8954   1.1301   0.8146
31   stomach                        2474   0.8997    0.8671   1.2981   0.9623
32   thyroid                        1185   0.9344    0.8971   1.0649   0.8313
33   upper_aerodigestive            1301   0.9198    0.8840   1.0832   0.7995
34   urinary_tract                  1951   0.9376    0.9053   1.0229   0.7686

  Pooled 95% CI bootstrap (n=1000): PCC=[0.9167, 0.9197]  RMSE=[1.1660, 1.1844]