================================================================================
Phase 6 Generalization Report | model=gdgn
ckpt: data/model/ablation/01_main/best_model.pt
kinds evaluated: ['lodo', 'lco']
total inference time (full-pool): 2397.1s
================================================================================

[Note] 数据泄漏口径说明:
  - 这是 Phase 6 真泛化口径: 每折留出一个未见药物 (LODO) 或未见癌症类型 (LOCO).
  - 与 Phase 4 final_eval_report.txt 中 paired random split 不同:
    Phase 4 的 cell/drug 同时出现在 train/val/test, 评估已见 cell/drug 新组合.
  - 本评估**纯推理**, 不重训; 用 Phase 4 已训 ckpt 直接在留出集上算指标.
  - 若 LODO/LOCO PCC 显著低于 Phase 4 paired-split PCC, 说明模型对未见 cell/drug
    的泛化能力有限 (这正是 GDGN 图架构应优于 baseline 的口径).

================================================================================
[Leave-One-Drug-Out (LODO)] 共 184 折
================================================================================
--- 汇总 ---
  pooled (全 test 拼起来评估): PCC=0.9218 RMSE=1.1535 Spearman=0.8899 N=66543
  PCC  | mean=0.6775  median=0.6922  weighted_mean=0.6758  std=0.1104
  RMSE | mean=1.0880  median=1.0698  weighted_mean=1.0944
  7 无 DTI 药物 folds (跨折 pooled): PCC=0.8838  RMSE=1.2256  N=2220  across 7 folds

--- 每折明细 ---
fold held_drug_idx         N      PCC  Spearman     RMSE      MAE    no_dti
0    0                   327   0.7274    0.7065   0.7666   0.6500         -
1    1                   404   0.6132    0.6015   1.1173   0.8618         -
2    2                   324   0.6491    0.6307   1.6494   1.3281324 (no_dti)
3    3                    77   0.7564    0.6456   0.6710   0.5458         -
4    4                   401   0.7968    0.7576   0.5557   0.4493         -
5    5                   404   0.7655    0.7492   1.1150   0.8865         -
6    6                   382   0.6906    0.6714   0.6685   0.5075         -
7    7                   324   0.7770    0.7592   1.3661   1.0992         -
8    8                   385   0.6748    0.6382   1.1972   0.9584         -
9    9                   402   0.7392    0.7262   0.7282   0.5573         -
10   10                  403   0.8092    0.7686   0.7228   0.5837         -
11   11                  329   0.7959    0.7797   1.3308   1.0295         -
12   12                  324   0.3753    0.4160   2.0159   1.6514324 (no_dti)
13   13                  326   0.7457    0.7066   0.9453   0.7393         -
14   14                  327   0.4913    0.4627   0.9605   0.7645         -
15   15                  327   0.8296    0.8383   1.5391   1.3172         -
16   16                  403   0.7821    0.7811   1.3523   1.1256         -
17   17                  401   0.7765    0.7751   1.4796   1.2399         -
18   18                  401   0.8160    0.8124   1.0047   0.8269         -
19   19                  403   0.6789    0.6451   1.3683   1.0965         -
20   20                  402   0.7814    0.7919   1.8960   1.5463         -
21   21                  324   0.8516    0.8334   0.4532   0.3284         -
22   22                  403   0.7689    0.7602   0.6284   0.4839         -
23   23                  399   0.7161    0.6982   1.6693   1.3662         -
24   24                  401   0.5436    0.5876   1.0692   0.8771         -
25   25                  324   0.6393    0.6142   0.8178   0.6132324 (no_dti)
26   26                  399   0.7650    0.7621   1.0718   0.8631         -
27   27                  373   0.3434    0.3165   2.2890   2.0105         -
28   28                  404   0.7900    0.7987   1.6825   1.4320         -
29   29                  401   0.6417    0.6734   0.8711   0.6946         -
30   30                  401   0.6344    0.6050   0.8086   0.6394         -
31   31                  399   0.5338    0.5311   1.1682   0.9081         -
32   32                  403   0.6255    0.6469   1.3011   1.0081         -
33   33                  401   0.7110    0.6932   0.8584   0.5828         -
34   34                  399   0.7894    0.7617   0.6379   0.5162         -
35   35                  401   0.5656    0.4829   1.2449   1.0803         -
36   36                   77   0.7426    0.6720   0.7392   0.5747         -
37   37                  324   0.7252    0.7191   1.1037   0.8548         -
38   38                  324   0.8161    0.8104   1.1325   0.8962         -
39   39                  402   0.8060    0.7912   1.3041   1.0763         -
40   40                  404   0.5342    0.3978   0.9022   0.7723         -
41   41                   77   0.7774    0.7615   0.7477   0.600277 (no_dti)
42   42                  401   0.6299    0.6711   1.2457   0.8327         -
43   43                  324   0.6305    0.6158   1.5213   1.1340         -
44   44                   77   0.7385    0.7250   0.9565   0.7964         -
45   45                  329   0.4465    0.3457   1.2255   0.9721         -
46   46                  393   0.6114    0.5298   0.7066   0.5828         -
47   47                  382   0.7074    0.7001   0.6373   0.4800382 (no_dti)
48   48                  401   0.6206    0.5632   0.9288   0.7577         -
49   49                  324   0.7630    0.8137   0.7297   0.5501         -
50   50                  402   0.4986    0.4828   2.0806   1.5953         -
51   51                  401   0.7375    0.6920   0.7518   0.6135         -
52   52                  396   0.6322    0.6107   1.4063   1.0992         -
53   53                  397   0.8211    0.8122   1.5200   1.2855         -
54   54                  399   0.6716    0.6539   1.1636   0.8588         -
55   55                  404   0.7687    0.7160   1.0009   0.8082         -
56   56                  324   0.5341    0.5423   1.3778   1.2212         -
57   57                  345   0.7355    0.7483   1.1464   0.8886         -
58   58                  110   0.8641    0.8612   1.1996   0.9584         -
59   59                  336   0.8148    0.7940   1.0811   0.8384         -
60   60                  401   0.7927    0.7783   1.0392   0.7517         -
61   61                  399   0.6250    0.6371   1.3440   1.0927         -
62   62                  222   0.4698    0.5505   2.4885   2.1384         -
63   63                  393   0.6050    0.5871   1.3517   0.9918         -
64   64                  403   0.5447    0.5377   1.8659   1.4785         -
65   65                   99   0.4103    0.3267   1.4456   1.1903         -
66   66                  403   0.8299    0.7998   0.9234   0.7437         -
67   67                  393   0.7550    0.7465   1.1199   0.9086393 (no_dti)
68   68                  382   0.7594    0.7596   0.8620   0.6643         -
69   69                  396   0.6657    0.6568   0.7605   0.5488396 (no_dti)
70   70                  398   0.7349    0.7161   0.7572   0.6026         -
71   71                  401   0.5642    0.5651   0.9808   0.7236         -
72   72                  382   0.6717    0.6506   1.4152   1.1202         -
73   73                   77   0.7035    0.7281   1.1275   0.8763         -
74   74                   77   0.7679    0.7441   0.7940   0.6446         -
75   75                  403   0.5307    0.5201   1.5879   1.2120         -
76   76                  402   0.5351    0.6381   1.2583   0.8397         -
77   77                  403   0.7305    0.7005   1.0919   0.8590         -
78   78                  401   0.2620    0.2742   1.8476   1.5293         -
79   79                  400   0.6483    0.5217   1.5783   1.2516         -
80   80                  393   0.7279    0.7061   0.9510   0.7487         -
81   81                  385   0.8173    0.8214   1.3833   1.1125         -
82   82                  404   0.8314    0.7961   1.0037   0.7768         -
83   83                  152   0.6479    0.6517   1.1251   0.9064         -
84   84                  402   0.5049    0.5156   1.4854   1.1822         -
85   85                  399   0.7474    0.7343   0.8323   0.6578         -
86   86                  398   0.7405    0.7131   0.6553   0.5232         -
87   87                  403   0.8084    0.8144   0.8863   0.6607         -
88   88                  397   0.6511    0.6609   1.1513   0.8816         -
89   89                  403   0.6142    0.6073   1.0277   0.7921         -
90   90                  382   0.5914    0.6150   0.8316   0.6727         -
91   91                  399   0.7962    0.8439   0.6840   0.4131         -
92   92                  402   0.6291    0.6148   1.1011   0.8846         -
93   93                  399   0.8096    0.7801   0.5338   0.4270         -
94   94                  401   0.7171    0.7093   1.2396   1.0363         -
95   95                  110   0.6928    0.6816   1.0305   0.8037         -
96   96                  401   0.7574    0.7307   0.6279   0.4733         -
97   97                  343   0.5857    0.5762   0.8689   0.6745         -
98   98                  401   0.7192    0.7120   1.4437   1.1177         -
99   99                  324   0.7951    0.8026   0.8854   0.6570         -
100  100                 404   0.6149    0.5809   0.9806   0.7582         -
101  101                 403   0.7952    0.7579   0.7858   0.6050         -
102  102                 403   0.5510    0.5531   1.2119   0.9017         -
103  103                 381   0.5635    0.5774   0.9703   0.7441         -
104  104                 395   0.7664    0.7326   1.4478   1.1292         -
105  105                 399   0.7727    0.7250   0.6245   0.5116         -
106  106                 399   0.6522    0.6481   1.5519   1.2122         -
107  107                 401   0.6338    0.6181   1.1830   0.9562         -
108  108                 380   0.5882    0.5938   1.4675   1.1183         -
109  109                 403   0.7560    0.7678   0.9324   0.7519         -
110  110                 403   0.5820    0.5843   1.5541   1.2268         -
111  111                 396   0.6652    0.6194   1.2666   1.0449         -
112  112                 382   0.8098    0.7600   0.8843   0.7335         -
113  113                 404   0.7046    0.6984   1.0811   0.8460         -
114  114                 403   0.5893    0.5031   1.5580   1.2108         -
115  115                 382   0.7477    0.7473   1.1174   0.8878         -
116  116                 385   0.7570    0.7130   0.7601   0.5994         -
117  117                 401   0.6506    0.6259   1.1312   0.8781         -
118  118                 324   0.5883    0.5889   1.1983   0.9144         -
119  119                 330   0.6252    0.6038   1.0905   0.8869         -
120  120                 382   0.4637    0.4568   1.0703   0.8658         -
121  121                 382   0.7866    0.7559   0.5928   0.4825         -
122  122                 396   0.6704    0.6426   1.0191   0.7454         -
123  123                 109   0.6785    0.6362   1.1133   0.9076         -
124  124                 398   0.6074    0.5893   1.5719   1.2645         -
125  125                 382   0.6887    0.6740   1.0025   0.7989         -
126  126                 399   0.5138    0.6081   1.6319   1.0730         -
127  127                 399   0.7812    0.7435   0.6813   0.5176         -
128  128                 323   0.8200    0.8053   0.8182   0.6769         -
129  129                 395   0.6778    0.6271   1.1974   0.9878         -
130  130                 324   0.6728    0.6739   1.1956   1.0199         -
131  131                 400   0.7070    0.6619   0.7461   0.6023         -
132  132                 399   0.7055    0.6999   1.4015   1.1117         -
133  133                 382   0.7094    0.7157   1.3062   1.1056         -
134  134                 403   0.6836    0.6245   0.8520   0.6844         -
135  135                 382   0.6996    0.6682   1.1610   0.9335         -
136  136                 324   0.5361    0.5220   1.3359   1.0654         -
137  137                 401   0.7277    0.7040   1.3486   0.9003         -
138  138                 377   0.4461    0.4642   2.1554   1.5581         -
139  139                 396   0.7620    0.7330   1.0286   0.8304         -
140  140                 403   0.5434    0.5562   1.4266   1.1066         -
141  141                 402   0.5240    0.4959   1.3024   0.9770         -
142  142                 403   0.6750    0.6652   1.2918   1.0550         -
143  143                 110   0.5802    0.4875   0.7798   0.6232         -
144  144                 401   0.5165    0.4965   1.2690   0.9998         -
145  145                 382   0.6075    0.6048   1.3872   1.2140         -
146  146                 380   0.7153    0.6777   0.9048   0.6971         -
147  147                  77   0.8339    0.8041   0.5206   0.4272         -
148  148                 401   0.6846    0.6228   0.6506   0.5274         -
149  149                 403   0.6295    0.6229   1.1599   0.9447         -
150  150                 401   0.6927    0.6403   0.7154   0.5519         -
151  151                 403   0.8119    0.7983   0.5763   0.4475         -
152  152                 395   0.6305    0.5912   0.6061   0.4924         -
153  153                 403   0.7976    0.8170   0.6777   0.5015         -
154  154                 382   0.6918    0.6464   0.8164   0.6662         -
155  155                 324   0.7757    0.7882   0.6372   0.5044         -
156  156                 382   0.7016    0.6678   1.2621   1.0409         -
157  157                 382   0.6288    0.6066   0.9366   0.7627         -
158  158                 381   0.6763    0.6600   0.7770   0.6224         -
159  159                 401   0.5595    0.5542   0.9692   0.7122         -
160  160                 396   0.7296    0.6766   0.7769   0.6170         -
161  161                 326   0.8738    0.8535   0.5731   0.4601         -
162  162                 403   0.7776    0.7541   0.6851   0.5387         -
163  163                 395   0.6262    0.5703   0.8628   0.7252         -
164  164                 401   0.4810    0.4710   1.1610   0.8813         -
165  165                 324   0.6553    0.6323   0.7006   0.5488         -
166  166                 382   0.5882    0.5449   1.1050   0.9287         -
167  167                 324   0.6764    0.6777   0.6691   0.5413         -
168  168                 324   0.7397    0.7142   0.5774   0.4717         -
169  169                 326   0.7186    0.6785   0.6905   0.5558         -
170  170                 403   0.5324    0.5374   0.9443   0.7343         -
171  171                 382   0.7918    0.7590   0.5131   0.4124         -
172  172                 401   0.7814    0.7424   0.7730   0.6284         -
173  173                 396   0.6458    0.6089   0.9094   0.7160         -
174  174                 322   0.6798    0.7140   1.9794   1.6012         -
175  175                 398   0.3937    0.3278   1.3357   1.1150         -
176  176                 324   0.7079    0.6823   0.6720   0.5615         -
177  177                 401   0.5421    0.5350   1.1667   0.8945         -
178  178                 403   0.7363    0.7343   1.3741   1.1460         -
179  179                 392   0.5882    0.6596   1.0530   0.7292         -
180  180                 382   0.7309    0.6948   0.7275   0.6052         -
181  181                 399   0.7404    0.7336   1.4511   1.0897         -
182  182                 397   0.6766    0.6863   0.8556   0.6370         -
183  183                 401   0.8128    0.8175   0.9307   0.7380         -

  Pooled 95% CI bootstrap (n=1000): PCC=[0.9203, 0.9232]  RMSE=[1.1447, 1.1622]

================================================================================
[Leave-One-Cancer-Out (LOCO)] 共 35 折
================================================================================
--- 汇总 ---
  pooled (全 test 拼起来评估): PCC=0.9218 RMSE=1.1535 Spearman=0.8899 N=66543
  PCC  | mean=0.9227  median=0.9242  weighted_mean=0.9189  std=0.0131
  RMSE | mean=1.1325  median=1.1165  weighted_mean=1.1508

--- 每折明细 ---
fold held_cancer_type                  N      PCC  Spearman     RMSE      MAE
0    AML                            1506   0.9077    0.8872   1.2613   0.8599
1    B-cell_ALL                      679   0.9478    0.9206   1.0270   0.7455
2    CML                             994   0.8948    0.8946   1.3780   0.8870
3    Ewings_Sarcoma                  512   0.9339    0.8978   1.0984   0.8139
4    T-cell_ALL                     1176   0.9295    0.8862   1.0961   0.8208
5    bile_duct                       172   0.9445    0.9195   0.9987   0.7560
6    breast                         6387   0.9036    0.8641   1.2278   0.9243
7    colorectal                     4400   0.9133    0.8803   1.2036   0.9240
8    endometrium                     853   0.9289    0.8946   1.0632   0.7969
9    esophagus                      2468   0.9218    0.8952   1.1229   0.8389
10   glioma                         3628   0.9350    0.8967   1.0786   0.8320
11   kidney                         1793   0.9205    0.8879   1.1473   0.8842
12   leukemia_other                  319   0.9253    0.8942   1.1811   0.8597
13   liver                          1364   0.9093    0.8618   1.1123   0.8540
14   lung_NSC                       7885   0.9254    0.8956   1.1016   0.8330
15   lung_small_cell                5743   0.9211    0.8787   1.1165   0.8506
16   lymphoma_Burkitt                511   0.9347    0.8738   1.0993   0.8353
17   lymphoma_DLBCL                  492   0.9284    0.8726   1.1602   0.8887
18   lymphoma_Hodgkin                170   0.9220    0.8561   1.0536   0.8131
19   lymphoma_other                  763   0.9042    0.8429   1.3037   0.9700
20   medulloblastoma                 340   0.9433    0.8990   1.0239   0.7879
21   melanoma                       4331   0.9003    0.8554   1.2500   0.9197
22   mesothelioma                    642   0.9122    0.8734   1.1823   0.8957
23   multiple_myeloma               1506   0.9066    0.8661   1.2835   0.9505
24   neuroblastoma                  1429   0.9142    0.8845   1.1539   0.8653
25   osteosarcoma                    827   0.9319    0.8955   1.0398   0.7895
26   other                           170   0.9305    0.8871   0.9492   0.7033
27   ovary                          3750   0.9220    0.8890   1.1311   0.8528
28   pancreas                       2945   0.9279    0.8968   1.0977   0.8500
29   prostate                        514   0.9242    0.8740   1.1409   0.8905
30   soft_tissue                    1363   0.9285    0.8949   1.1202   0.8259
31   stomach                        2474   0.9037    0.8714   1.2696   0.9480
32   thyroid                        1185   0.9344    0.8916   1.0801   0.8489
33   upper_aerodigestive            1301   0.9223    0.8861   1.0695   0.7903
34   urinary_tract                  1951   0.9392    0.9055   1.0154   0.7704

  Pooled 95% CI bootstrap (n=1000): PCC=[0.9203, 0.9232]  RMSE=[1.1447, 1.1622]