================================================================================
Phase 6 Generalization Report | model=gdgn
ckpt: data/model/ablation/04_no_pretrain/best_model.pt
kinds evaluated: ['lodo', 'lco']
total inference time (full-pool): 1524.1s
================================================================================

[Note] 数据泄漏口径说明:
  - 这是 Phase 6 真泛化口径: 每折留出一个未见药物 (LODO) 或未见癌症类型 (LOCO).
  - 与 Phase 4 final_eval_report.txt 中 paired random split 不同:
    Phase 4 的 cell/drug 同时出现在 train/val/test, 评估已见 cell/drug 新组合.
  - 本评估**纯推理**, 不重训; 用 Phase 4 已训 ckpt 直接在留出集上算指标.
  - 若 LODO/LOCO PCC 显著低于 Phase 4 paired-split PCC, 说明模型对未见 cell/drug
    的泛化能力有限 (这正是 GDGN 图架构应优于 baseline 的口径).

================================================================================
[Leave-One-Drug-Out (LODO)] 共 184 折
================================================================================
--- 汇总 ---
  pooled (全 test 拼起来评估): PCC=0.9262 RMSE=1.1023 Spearman=0.8949 N=66543
  PCC  | mean=0.6943  median=0.7143  weighted_mean=0.6940  std=0.0996
  RMSE | mean=1.0485  median=1.0387  weighted_mean=1.0521
  7 无 DTI 药物 folds (跨折 pooled): PCC=0.8833  RMSE=1.2403  N=2220  across 7 folds

--- 每折明细 ---
fold held_drug_idx         N      PCC  Spearman     RMSE      MAE    no_dti
0    0                   327   0.7331    0.7064   0.6689   0.5532         -
1    1                   404   0.6226    0.6169   1.0581   0.7887         -
2    2                   324   0.6660    0.6501   1.6218   1.3262324 (no_dti)
3    3                    77   0.7350    0.6046   0.6954   0.5694         -
4    4                   401   0.8003    0.7554   0.5596   0.4551         -
5    5                   404   0.7692    0.7561   1.1338   0.8940         -
6    6                   382   0.6856    0.6654   0.6650   0.5058         -
7    7                   324   0.7954    0.7745   1.3166   1.0534         -
8    8                   385   0.6695    0.6310   1.2105   0.9744         -
9    9                   402   0.7431    0.7277   0.7523   0.5614         -
10   10                  403   0.8144    0.7767   0.7165   0.5754         -
11   11                  329   0.8082    0.7970   1.3438   1.0751         -
12   12                  324   0.4343    0.4670   1.9874   1.6428324 (no_dti)
13   13                  326   0.7448    0.7134   0.9241   0.7388         -
14   14                  327   0.5037    0.4699   1.3495   1.1228         -
15   15                  327   0.8449    0.8506   1.2933   1.0760         -
16   16                  403   0.8095    0.8029   1.1610   0.9567         -
17   17                  401   0.7882    0.7842   1.1725   0.9760         -
18   18                  401   0.8320    0.8222   0.9039   0.7285         -
19   19                  403   0.6978    0.6731   1.1311   0.8847         -
20   20                  402   0.8068    0.8123   1.8093   1.4608         -
21   21                  324   0.8544    0.8396   0.5506   0.4625         -
22   22                  403   0.7854    0.7750   0.6753   0.5348         -
23   23                  399   0.7329    0.7186   1.3884   1.1188         -
24   24                  401   0.6165    0.6500   0.9357   0.7014         -
25   25                  324   0.6549    0.6273   1.0647   0.8626324 (no_dti)
26   26                  399   0.7811    0.7860   1.0161   0.8118         -
27   27                  373   0.3384    0.3169   2.3063   2.0333         -
28   28                  404   0.8023    0.8059   1.3964   1.1645         -
29   29                  401   0.6495    0.6753   0.8593   0.6668         -
30   30                  401   0.6497    0.6168   0.7860   0.6207         -
31   31                  399   0.6005    0.5896   1.0900   0.8384         -
32   32                  403   0.6394    0.6659   1.2491   0.9664         -
33   33                  401   0.6921    0.6804   0.8623   0.5881         -
34   34                  399   0.7803    0.7622   0.6347   0.5009         -
35   35                  401   0.5838    0.5112   1.0737   0.8912         -
36   36                   77   0.7502    0.6886   0.7306   0.5578         -
37   37                  324   0.7495    0.7485   1.0658   0.8349         -
38   38                  324   0.8355    0.8293   1.1084   0.8760         -
39   39                  402   0.8072    0.7858   1.1580   0.9198         -
40   40                  404   0.6061    0.4543   0.6583   0.5210         -
41   41                   77   0.7808    0.7320   0.7075   0.548677 (no_dti)
42   42                  401   0.6418    0.6807   1.2364   0.8424         -
43   43                  324   0.6405    0.6298   1.5154   1.1496         -
44   44                   77   0.7432    0.7156   0.9605   0.8100         -
45   45                  329   0.4565    0.3515   1.1928   0.9805         -
46   46                  393   0.6066    0.5211   0.6969   0.5753         -
47   47                  382   0.7293    0.7330   0.6140   0.4689382 (no_dti)
48   48                  401   0.6185    0.5549   0.9285   0.7558         -
49   49                  324   0.7793    0.8174   0.6819   0.5024         -
50   50                  402   0.5044    0.4725   2.0584   1.5961         -
51   51                  401   0.7364    0.6908   0.7484   0.6053         -
52   52                  396   0.6551    0.6338   1.1896   0.9582         -
53   53                  397   0.8358    0.8254   1.2358   1.0187         -
54   54                  399   0.7156    0.6904   1.1016   0.7940         -
55   55                  404   0.7883    0.7405   0.9966   0.8081         -
56   56                  324   0.5436    0.5562   1.0973   0.9029         -
57   57                  345   0.7306    0.7341   1.1780   0.9112         -
58   58                  110   0.8614    0.8574   1.2247   0.9863         -
59   59                  336   0.8272    0.7935   1.0905   0.8672         -
60   60                  401   0.7884    0.7764   1.0546   0.7627         -
61   61                  399   0.6406    0.6482   1.2874   1.0028         -
62   62                  222   0.4893    0.5605   2.2798   1.7933         -
63   63                  393   0.6335    0.6069   1.2866   0.9971         -
64   64                  403   0.7464    0.7630   1.5079   1.1781         -
65   65                   99   0.4283    0.3318   1.4314   1.1849         -
66   66                  403   0.8347    0.8055   0.8930   0.7400         -
67   67                  393   0.7595    0.7414   1.1366   0.9319393 (no_dti)
68   68                  382   0.7580    0.7625   0.8925   0.6792         -
69   69                  396   0.6674    0.6566   0.7551   0.5459396 (no_dti)
70   70                  398   0.7352    0.7112   0.7530   0.5989         -
71   71                  401   0.5895    0.5815   0.9583   0.7136         -
72   72                  382   0.6975    0.6745   1.3525   1.0683         -
73   73                   77   0.7333    0.7779   1.1110   0.9426         -
74   74                   77   0.7423    0.7211   0.7884   0.6595         -
75   75                  403   0.7545    0.7155   1.2557   0.9532         -
76   76                  402   0.6270    0.7097   1.1891   0.7926         -
77   77                  403   0.7286    0.6991   1.0532   0.8281         -
78   78                  401   0.4475    0.4431   1.7047   1.4007         -
79   79                  400   0.7080    0.5684   1.4566   1.1462         -
80   80                  393   0.7474    0.7193   0.9123   0.7238         -
81   81                  385   0.8330    0.8361   1.2993   1.0293         -
82   82                  404   0.6735    0.6546   1.3107   0.9912         -
83   83                  152   0.6904    0.6915   1.0682   0.8494         -
84   84                  402   0.5854    0.6066   1.4278   1.1602         -
85   85                  399   0.7496    0.7358   0.8031   0.6284         -
86   86                  398   0.7457    0.7225   0.6438   0.5162         -
87   87                  403   0.8067    0.8194   0.8914   0.6686         -
88   88                  397   0.7413    0.7336   1.0108   0.7870         -
89   89                  403   0.5874    0.5612   1.0548   0.8121         -
90   90                  382   0.5870    0.6014   0.8283   0.6524         -
91   91                  399   0.7990    0.8547   0.6693   0.3564         -
92   92                  402   0.7230    0.7063   0.9897   0.7851         -
93   93                  399   0.8069    0.7700   0.5586   0.4481         -
94   94                  401   0.7295    0.7119   1.0363   0.8495         -
95   95                  110   0.6550    0.6159   1.0669   0.7869         -
96   96                  401   0.7780    0.7488   0.6478   0.5011         -
97   97                  343   0.5908    0.5856   0.8968   0.6718         -
98   98                  401   0.7295    0.7170   1.4370   1.0992         -
99   99                  324   0.8083    0.8125   0.8785   0.6587         -
100  100                 404   0.6587    0.6426   0.9443   0.7244         -
101  101                 403   0.7971    0.7578   0.7758   0.5943         -
102  102                 403   0.5981    0.5923   1.1738   0.8842         -
103  103                 381   0.5694    0.5856   0.9601   0.7194         -
104  104                 395   0.7768    0.7426   1.4034   1.0818         -
105  105                 399   0.7853    0.7271   0.6214   0.5064         -
106  106                 399   0.6771    0.6815   1.5094   1.1846         -
107  107                 401   0.6270    0.6037   1.1173   0.8951         -
108  108                 380   0.5957    0.6234   1.4372   1.0841         -
109  109                 403   0.7599    0.7769   0.9588   0.7299         -
110  110                 403   0.7026    0.6950   1.4082   1.0848         -
111  111                 396   0.6705    0.6212   1.2280   1.0299         -
112  112                 382   0.7970    0.7627   0.9428   0.7621         -
113  113                 404   0.7027    0.6915   1.0749   0.8509         -
114  114                 403   0.6545    0.5488   1.4786   1.1433         -
115  115                 382   0.7540    0.7548   1.1056   0.8684         -
116  116                 385   0.7610    0.7192   0.7655   0.6198         -
117  117                 401   0.6359    0.6114   1.1311   0.8804         -
118  118                 324   0.6003    0.6100   1.1886   0.9162         -
119  119                 330   0.6194    0.5950   1.1128   0.8902         -
120  120                 382   0.4718    0.4583   1.0346   0.8299         -
121  121                 382   0.7840    0.7561   0.6011   0.4887         -
122  122                 396   0.6834    0.6570   1.0411   0.7591         -
123  123                 109   0.6556    0.6103   1.0242   0.8678         -
124  124                 398   0.7913    0.7687   1.2212   0.9633         -
125  125                 382   0.7173    0.6971   0.9497   0.7690         -
126  126                 399   0.5820    0.6630   1.5700   1.0491         -
127  127                 399   0.7868    0.7434   0.6805   0.5103         -
128  128                 323   0.8203    0.8088   0.8204   0.6503         -
129  129                 395   0.6696    0.6242   1.2102   0.9897         -
130  130                 324   0.6615    0.6586   1.1925   1.0161         -
131  131                 400   0.7240    0.6920   0.7195   0.5744         -
132  132                 399   0.7304    0.7195   1.3591   1.0754         -
133  133                 382   0.7154    0.7189   1.0071   0.7730         -
134  134                 403   0.6725    0.6107   0.8540   0.6758         -
135  135                 382   0.7268    0.6965   1.0817   0.8592         -
136  136                 324   0.5517    0.5363   1.2506   0.9958         -
137  137                 401   0.7560    0.6907   1.2774   0.8527         -
138  138                 377   0.4742    0.5026   2.1298   1.5047         -
139  139                 396   0.7769    0.7585   1.0078   0.8200         -
140  140                 403   0.6312    0.6478   1.3455   1.0469         -
141  141                 402   0.5420    0.5217   1.2684   0.9466         -
142  142                 403   0.6659    0.6623   1.2660   1.0329         -
143  143                 110   0.5842    0.4692   0.7939   0.6337         -
144  144                 401   0.5458    0.5296   1.1933   0.9386         -
145  145                 382   0.6337    0.6247   1.3683   1.1910         -
146  146                 380   0.7132    0.6809   0.9119   0.6942         -
147  147                  77   0.8277    0.8086   0.5622   0.4675         -
148  148                 401   0.6781    0.6168   0.6582   0.5281         -
149  149                 403   0.6341    0.6205   1.1359   0.9253         -
150  150                 401   0.6962    0.6360   0.7178   0.5466         -
151  151                 403   0.8186    0.7942   0.5804   0.4541         -
152  152                 395   0.6223    0.5756   0.6121   0.4836         -
153  153                 403   0.8021    0.8127   0.6638   0.4967         -
154  154                 382   0.7033    0.6537   0.7832   0.6393         -
155  155                 324   0.7748    0.7793   0.6353   0.5015         -
156  156                 382   0.7056    0.6791   1.2534   1.0264         -
157  157                 382   0.6327    0.6143   0.9268   0.7453         -
158  158                 381   0.6545    0.6270   0.7925   0.6295         -
159  159                 401   0.5510    0.5371   0.9774   0.7312         -
160  160                 396   0.7361    0.6879   0.7557   0.5831         -
161  161                 326   0.8725    0.8632   0.5606   0.4202         -
162  162                 403   0.7853    0.7688   0.6809   0.5415         -
163  163                 395   0.6134    0.5592   0.8899   0.7434         -
164  164                 401   0.5957    0.5984   1.0843   0.8188         -
165  165                 324   0.6510    0.6271   0.6978   0.5490         -
166  166                 382   0.5796    0.5438   1.1408   0.9637         -
167  167                 324   0.7026    0.6886   0.6429   0.5110         -
168  168                 324   0.7407    0.7219   0.5946   0.4807         -
169  169                 326   0.7261    0.6776   0.6863   0.5565         -
170  170                 403   0.5842    0.5569   0.8805   0.6816         -
171  171                 382   0.7871    0.7573   0.5028   0.3995         -
172  172                 401   0.7848    0.7396   0.7734   0.6269         -
173  173                 396   0.6440    0.6049   0.9325   0.7306         -
174  174                 322   0.7303    0.7586   1.8597   1.4620         -
175  175                 398   0.4052    0.3421   1.3142   1.1003         -
176  176                 324   0.7092    0.6845   0.6971   0.5797         -
177  177                 401   0.5714    0.5598   1.1422   0.8623         -
178  178                 403   0.7372    0.7292   1.2261   0.9541         -
179  179                 392   0.6190    0.6873   1.0219   0.7258         -
180  180                 382   0.7418    0.7102   0.7403   0.6184         -
181  181                 399   0.7494    0.7402   1.4160   1.0867         -
182  182                 397   0.6771    0.6841   0.8235   0.6249         -
183  183                 401   0.8173    0.8202   0.9350   0.7486         -

  Pooled 95% CI bootstrap (n=1000): PCC=[0.9247, 0.9275]  RMSE=[1.0939, 1.1106]

================================================================================
[Leave-One-Cancer-Out (LOCO)] 共 35 折
================================================================================
--- 汇总 ---
  pooled (全 test 拼起来评估): PCC=0.9262 RMSE=1.1023 Spearman=0.8949 N=66543
  PCC  | mean=0.9274  median=0.9305  weighted_mean=0.9235  std=0.0127
  RMSE | mean=1.0759  median=1.0526  weighted_mean=1.0996

--- 每折明细 ---
fold held_cancer_type                  N      PCC  Spearman     RMSE      MAE
0    AML                            1506   0.9126    0.8922   1.2229   0.8407
1    B-cell_ALL                      679   0.9464    0.9130   1.0004   0.7352
2    CML                             994   0.9019    0.8975   1.3207   0.8555
3    Ewings_Sarcoma                  512   0.9391    0.9008   1.0410   0.7708
4    T-cell_ALL                     1176   0.9350    0.8930   1.0252   0.7614
5    bile_duct                       172   0.9431    0.9136   0.9630   0.7324
6    breast                         6387   0.9074    0.8693   1.1840   0.8910
7    colorectal                     4400   0.9197    0.8892   1.1481   0.8817
8    endometrium                     853   0.9312    0.8966   1.0229   0.7705
9    esophagus                      2468   0.9259    0.9000   1.0741   0.7968
10   glioma                         3628   0.9370    0.8977   1.0330   0.7975
11   kidney                         1793   0.9216    0.8903   1.1203   0.8646
12   leukemia_other                  319   0.9347    0.9033   1.0804   0.7703
13   liver                          1364   0.9118    0.8610   1.0923   0.8409
14   lung_NSC                       7885   0.9297    0.9014   1.0526   0.7979
15   lung_small_cell                5743   0.9250    0.8830   1.0660   0.8095
16   lymphoma_Burkitt                511   0.9432    0.8873   0.9829   0.7422
17   lymphoma_DLBCL                  492   0.9383    0.8878   1.0387   0.8006
18   lymphoma_Hodgkin                170   0.9324    0.8734   0.9792   0.7672
19   lymphoma_other                  763   0.9136    0.8527   1.2130   0.8964
20   medulloblastoma                 340   0.9545    0.9119   0.9039   0.6769
21   melanoma                       4331   0.9112    0.8668   1.1720   0.8681
22   mesothelioma                    642   0.9166    0.8765   1.1403   0.8611
23   multiple_myeloma               1506   0.9134    0.8705   1.2048   0.8859
24   neuroblastoma                  1429   0.9136    0.8811   1.1438   0.8473
25   osteosarcoma                    827   0.9305    0.8906   1.0300   0.7721
26   other                           170   0.9336    0.8941   0.9111   0.6821
27   ovary                          3750   0.9257    0.8949   1.0878   0.8153
28   pancreas                       2945   0.9339    0.9050   1.0382   0.8025
29   prostate                        514   0.9322    0.8852   1.0510   0.8296
30   soft_tissue                    1363   0.9322    0.9009   1.0651   0.7671
31   stomach                        2474   0.9064    0.8741   1.2331   0.9195
32   thyroid                        1185   0.9387    0.8979   1.0157   0.8002
33   upper_aerodigestive            1301   0.9243    0.8887   1.0373   0.7699
34   urinary_tract                  1951   0.9432    0.9095   0.9613   0.7333

  Pooled 95% CI bootstrap (n=1000): PCC=[0.9247, 0.9275]  RMSE=[1.0939, 1.1106]