================================================================================
Phase 6 Generalization Report | model=gdgn
ckpt: data/model/gdgn/best_model.pt
kinds evaluated: ['lodo', 'lco']
total inference time (full-pool): 2353.8s
================================================================================

[Note] 数据泄漏口径说明:
  - 这是 Phase 6 真泛化口径: 每折留出一个未见药物 (LODO) 或未见癌症类型 (LOCO).
  - 与 Phase 4 final_eval_report.txt 中 paired random split 不同:
    Phase 4 的 cell/drug 同时出现在 train/val/test, 评估已见 cell/drug 新组合.
  - 本评估**纯推理**, 不重训; 用 Phase 4 已训 ckpt 直接在留出集上算指标.
  - 若 LODO/LOCO PCC 显著低于 Phase 4 paired-split PCC, 说明模型对未见 cell/drug
    的泛化能力有限 (这正是 GDGN 图架构应优于 baseline 的口径).

================================================================================
[Leave-One-Drug-Out (LODO)] 共 184 折
================================================================================
--- 汇总 ---
  pooled (全 test 拼起来评估): PCC=0.9100 RMSE=1.2260 Spearman=0.8799 N=66543
  PCC  | mean=0.6505  median=0.6675  weighted_mean=0.6481  std=0.1213
  RMSE | mean=1.1506  median=1.0962  weighted_mean=1.1517
  7 无 DTI 药物 folds (跨折 pooled): PCC=0.8612  RMSE=1.6558  N=2220  across 7 folds

--- 每折明细 ---
fold held_drug_idx         N      PCC  Spearman     RMSE      MAE    no_dti
0    0                   327   0.7216    0.6900   0.8639   0.6587         -
1    1                   404   0.5992    0.5862   1.1868   0.8855         -
2    2                   324   0.6317    0.6177   1.6830   1.3742324 (no_dti)
3    3                    77   0.7287    0.6307   0.7103   0.5600         -
4    4                   401   0.7809    0.7279   0.5713   0.4535         -
5    5                   404   0.7564    0.7427   1.1426   0.9016         -
6    6                   382   0.6930    0.6827   0.6552   0.5091         -
7    7                   324   0.7487    0.7147   1.5565   1.2634         -
8    8                   385   0.6383    0.6000   1.2477   1.0028         -
9    9                   402   0.6983    0.6827   0.7874   0.6218         -
10   10                  403   0.7924    0.7480   0.7328   0.5638         -
11   11                  329   0.7735    0.7539   1.4601   1.1734         -
12   12                  324   0.3253    0.3512   2.0606   1.6140324 (no_dti)
13   13                  326   0.7272    0.7027   0.9448   0.7537         -
14   14                  327   0.4861    0.4644   3.1936   3.0792         -
15   15                  327   0.8305    0.8399   1.3133   1.0849         -
16   16                  403   0.7537    0.7424   1.2307   0.9942         -
17   17                  401   0.7824    0.7801   1.1518   0.9610         -
18   18                  401   0.7973    0.7886   1.0308   0.8455         -
19   19                  403   0.6495    0.6199   1.1189   0.8705         -
20   20                  402   0.7354    0.7440   2.1342   1.6892         -
21   21                  324   0.8207    0.7949   0.5078   0.3811         -
22   22                  403   0.7424    0.7238   0.6824   0.5247         -
23   23                  399   0.6945    0.6712   1.4388   1.1630         -
24   24                  401   0.5023    0.5783   1.0235   0.7364         -
25   25                  324   0.6360    0.6114   2.9012   2.8117324 (no_dti)
26   26                  399   0.7601    0.7585   1.2028   0.9995         -
27   27                  373   0.3341    0.3165   2.2994   2.0315         -
28   28                  404   0.7868    0.7950   1.4035   1.1671         -
29   29                  401   0.6286    0.6453   0.9106   0.6496         -
30   30                  401   0.6200    0.5815   0.8149   0.6055         -
31   31                  399   0.4787    0.4993   1.2313   0.9290         -
32   32                  403   0.4926    0.5425   1.4197   1.0813         -
33   33                  401   0.6695    0.6525   0.8929   0.6268         -
34   34                  399   0.7673    0.7485   0.6436   0.4779         -
35   35                  401   0.5451    0.5045   0.9244   0.7116         -
36   36                   77   0.7097    0.6176   0.8764   0.6809         -
37   37                  324   0.7166    0.7205   1.2317   1.0104         -
38   38                  324   0.7835    0.7720   1.3175   1.0793         -
39   39                  402   0.8072    0.7872   1.2572   1.0351         -
40   40                  404   0.5825    0.4285   0.6615   0.5344         -
41   41                   77   0.7452    0.7415   0.8391   0.700177 (no_dti)
42   42                  401   0.6250    0.6728   1.3225   0.8522         -
43   43                  324   0.6200    0.5961   1.6642   1.1632         -
44   44                   77   0.7381    0.7357   0.9912   0.8431         -
45   45                  329   0.4455    0.3666   1.2032   1.0071         -
46   46                  393   0.6025    0.5249   0.7704   0.6403         -
47   47                  382   0.7150    0.7109   0.6299   0.4765382 (no_dti)
48   48                  401   0.6184    0.5602   0.9836   0.8198         -
49   49                  324   0.7564    0.8015   0.6981   0.4427         -
50   50                  402   0.4431    0.3950   2.1619   1.7054         -
51   51                  401   0.7181    0.6767   0.7643   0.6031         -
52   52                  396   0.6257    0.6067   1.3703   1.0760         -
53   53                  397   0.8189    0.8139   1.2631   1.0427         -
54   54                  399   0.6645    0.6596   1.1838   0.8355         -
55   55                  404   0.7563    0.7059   1.1429   0.9124         -
56   56                  324   0.5322    0.5534   0.9056   0.6995         -
57   57                  345   0.7013    0.6976   1.3986   1.0553         -
58   58                  110   0.7484    0.7336   1.8200   1.3760         -
59   59                  336   0.7839    0.7534   1.1948   0.9542         -
60   60                  401   0.7640    0.7462   1.1555   0.8537         -
61   61                  399   0.5867    0.5943   1.4256   1.1630         -
62   62                  222   0.4453    0.5362   2.3277   1.6570         -
63   63                  393   0.5969    0.5722   1.5056   1.1101         -
64   64                  403   0.4519    0.4420   2.0195   1.5806         -
65   65                   99   0.4293    0.3819   1.4569   1.1660         -
66   66                  403   0.8202    0.7958   0.9492   0.7807         -
67   67                  393   0.7481    0.7399   1.2430   1.0141393 (no_dti)
68   68                  382   0.7520    0.7574   0.8553   0.6543         -
69   69                  396   0.6458    0.6285   0.7997   0.5631396 (no_dti)
70   70                  398   0.7313    0.7135   0.7790   0.6196         -
71   71                  401   0.5428    0.5450   1.0049   0.7526         -
72   72                  382   0.6556    0.6317   1.4364   1.1407         -
73   73                   77   0.6932    0.7379   1.1846   1.0042         -
74   74                   77   0.7590    0.7475   0.8046   0.6740         -
75   75                  403   0.3719    0.3521   1.7298   1.3000         -
76   76                  402   0.4865    0.5957   1.2983   0.8426         -
77   77                  403   0.7107    0.6983   1.0744   0.8386         -
78   78                  401   0.2899    0.2994   1.6486   1.3149         -
79   79                  400   0.5301    0.4645   1.7573   1.3276         -
80   80                  393   0.7251    0.6984   0.9695   0.7683         -
81   81                  385   0.8058    0.8094   1.4014   1.1069         -
82   82                  404   0.6123    0.6147   1.4528   1.0319         -
83   83                  152   0.6603    0.6561   1.0793   0.8483         -
84   84                  402   0.2986    0.3494   1.5995   1.2400         -
85   85                  399   0.7549    0.7462   0.8018   0.6275         -
86   86                  398   0.7176    0.6808   0.6617   0.5042         -
87   87                  403   0.8016    0.8117   0.9312   0.6990         -
88   88                  397   0.6033    0.6147   1.2048   0.9070         -
89   89                  403   0.5944    0.5800   1.1016   0.8313         -
90   90                  382   0.5806    0.5860   0.8455   0.6371         -
91   91                  399   0.7708    0.8208   0.7178   0.4149         -
92   92                  402   0.5469    0.5320   1.1897   0.9404         -
93   93                  399   0.7989    0.7652   0.5324   0.4144         -
94   94                  401   0.6664    0.6532   1.0689   0.8533         -
95   95                  110   0.6617    0.6240   1.2673   0.9660         -
96   96                  401   0.7410    0.7317   0.6683   0.5090         -
97   97                  343   0.5878    0.5697   0.8892   0.6869         -
98   98                  401   0.7003    0.6800   1.5959   1.2699         -
99   99                  324   0.7974    0.8006   0.9490   0.7623         -
100  100                 404   0.5985    0.5697   1.0130   0.8000         -
101  101                 403   0.7661    0.7296   0.8700   0.6665         -
102  102                 403   0.4911    0.4890   1.2883   0.9468         -
103  103                 381   0.5363    0.5549   1.0302   0.6811         -
104  104                 395   0.7254    0.7094   1.6398   1.2686         -
105  105                 399   0.7651    0.7109   0.6356   0.5125         -
106  106                 399   0.6508    0.6519   1.5765   1.2332         -
107  107                 401   0.5748    0.5504   1.1926   0.9264         -
108  108                 380   0.4750    0.5094   1.6003   1.1590         -
109  109                 403   0.7458    0.7588   1.0087   0.8279         -
110  110                 403   0.3961    0.3809   1.7491   1.3585         -
111  111                 396   0.6588    0.6153   1.2548   1.0525         -
112  112                 382   0.7692    0.7425   1.0011   0.8086         -
113  113                 404   0.6670    0.6494   1.0928   0.8651         -
114  114                 403   0.4980    0.4564   1.7098   1.2941         -
115  115                 382   0.7184    0.7184   1.2153   0.9960         -
116  116                 385   0.7489    0.7017   0.8222   0.6144         -
117  117                 401   0.6002    0.5775   1.2458   0.9633         -
118  118                 324   0.5435    0.5586   1.3174   1.0494         -
119  119                 330   0.5939    0.5693   1.2525   1.0467         -
120  120                 382   0.3851    0.3471   1.0761   0.8547         -
121  121                 382   0.7726    0.7445   0.6091   0.4665         -
122  122                 396   0.6564    0.6331   1.0995   0.7914         -
123  123                 109   0.6187    0.5612   1.0642   0.8871         -
124  124                 398   0.4794    0.4569   1.7326   1.3581         -
125  125                 382   0.6844    0.6580   0.9948   0.8155         -
126  126                 399   0.4546    0.5528   1.7627   1.1074         -
127  127                 399   0.7898    0.7533   0.7281   0.5341         -
128  128                 323   0.8101    0.7994   0.9311   0.7069         -
129  129                 395   0.6628    0.6138   1.2509   1.0174         -
130  130                 324   0.6238    0.6192   1.2026   0.9852         -
131  131                 400   0.6925    0.6456   0.7716   0.6079         -
132  132                 399   0.7121    0.7011   1.4465   1.1644         -
133  133                 382   0.7217    0.7334   0.9743   0.7097         -
134  134                 403   0.6343    0.5632   0.8978   0.7213         -
135  135                 382   0.6964    0.6537   1.1928   0.9709         -
136  136                 324   0.5053    0.4953   1.3099   1.0337         -
137  137                 401   0.6519    0.6277   1.5188   0.9263         -
138  138                 377   0.4355    0.4689   2.2499   1.5636         -
139  139                 396   0.7454    0.7197   1.0671   0.8658         -
140  140                 403   0.5186    0.5187   1.4312   1.1066         -
141  141                 402   0.5037    0.4696   1.2968   0.9687         -
142  142                 403   0.6187    0.6035   1.3263   1.0612         -
143  143                 110   0.5872    0.4833   0.7703   0.6059         -
144  144                 401   0.4403    0.4060   1.2845   1.0187         -
145  145                 382   0.6068    0.5965   1.4406   1.2841         -
146  146                 380   0.7025    0.6670   0.9586   0.7440         -
147  147                  77   0.7993    0.7434   0.6339   0.5166         -
148  148                 401   0.6484    0.5784   0.7430   0.5912         -
149  149                 403   0.5807    0.5740   1.1590   0.9070         -
150  150                 401   0.6890    0.6361   0.7391   0.5518         -
151  151                 403   0.7981    0.7754   0.6667   0.5046         -
152  152                 395   0.6048    0.5652   0.7059   0.5450         -
153  153                 403   0.7889    0.7976   0.6708   0.4668         -
154  154                 382   0.6689    0.6185   0.8411   0.6861         -
155  155                 324   0.7832    0.7855   0.6805   0.4845         -
156  156                 382   0.6988    0.6713   1.3390   1.0938         -
157  157                 382   0.5860    0.5651   0.9790   0.7972         -
158  158                 381   0.6356    0.6099   0.8493   0.6876         -
159  159                 401   0.5560    0.5511   0.9927   0.6998         -
160  160                 396   0.7171    0.6718   0.7921   0.6038         -
161  161                 326   0.8472    0.8218   0.6032   0.4244         -
162  162                 403   0.7719    0.7491   0.7666   0.6026         -
163  163                 395   0.6247    0.5685   0.9379   0.7863         -
164  164                 401   0.4157    0.4118   1.1974   0.8804         -
165  165                 324   0.6435    0.6183   0.7020   0.5362         -
166  166                 382   0.5472    0.4924   1.2025   1.0061         -
167  167                 324   0.6760    0.6556   0.7377   0.5682         -
168  168                 324   0.7338    0.7155   0.6028   0.4682         -
169  169                 326   0.7234    0.6777   0.6769   0.5446         -
170  170                 403   0.4848    0.5042   0.9786   0.7027         -
171  171                 382   0.7760    0.7417   0.5809   0.4416         -
172  172                 401   0.7770    0.7354   0.8627   0.6942         -
173  173                 396   0.6260    0.5892   0.9995   0.7835         -
174  174                 322   0.6679    0.6903   2.1927   1.5997         -
175  175                 398   0.3631    0.2920   1.3526   1.1300         -
176  176                 324   0.7150    0.6829   0.6412   0.5321         -
177  177                 401   0.5345    0.5297   1.2042   0.9232         -
178  178                 403   0.7196    0.7126   1.2642   0.9671         -
179  179                 392   0.5768    0.6522   1.1091   0.7059         -
180  180                 382   0.7204    0.6919   0.7782   0.6223         -
181  181                 399   0.6825    0.6888   1.6168   1.2085         -
182  182                 397   0.6444    0.6778   0.8946   0.7188         -
183  183                 401   0.8035    0.8097   1.0017   0.8108         -

  Pooled 95% CI bootstrap (n=1000): PCC=[0.9083, 0.9116]  RMSE=[1.2157, 1.2365]

================================================================================
[Leave-One-Cancer-Out (LOCO)] 共 35 折
================================================================================
--- 汇总 ---
  pooled (全 test 拼起来评估): PCC=0.9100 RMSE=1.2260 Spearman=0.8799 N=66543
  PCC  | mean=0.9124  median=0.9135  weighted_mean=0.9073  std=0.0144
  RMSE | mean=1.2074  median=1.1773  weighted_mean=1.2224

--- 每折明细 ---
fold held_cancer_type                  N      PCC  Spearman     RMSE      MAE
0    AML                            1506   0.8948    0.8764   1.4169   0.9541
1    B-cell_ALL                      679   0.9260    0.8911   1.2466   0.8766
2    CML                             994   0.8856    0.8878   1.4999   0.9580
3    Ewings_Sarcoma                  512   0.9161    0.8750   1.2416   0.9059
4    T-cell_ALL                     1176   0.9225    0.8761   1.1666   0.8712
5    bile_duct                       172   0.9322    0.9068   1.1025   0.8532
6    breast                         6387   0.8847    0.8415   1.3149   0.9606
7    colorectal                     4400   0.9034    0.8777   1.2585   0.9440
8    endometrium                     853   0.9198    0.8864   1.1219   0.8248
9    esophagus                      2468   0.9087    0.8816   1.1933   0.8658
10   glioma                         3628   0.9275    0.8921   1.1068   0.8342
11   kidney                         1793   0.9094    0.8800   1.2300   0.9305
12   leukemia_other                  319   0.9117    0.8693   1.3842   1.0050
13   liver                          1364   0.9030    0.8601   1.1623   0.8718
14   lung_NSC                       7885   0.9154    0.8881   1.1642   0.8617
15   lung_small_cell                5743   0.9038    0.8601   1.2118   0.9065
16   lymphoma_Burkitt                511   0.9307    0.8636   1.1331   0.8620
17   lymphoma_DLBCL                  492   0.9248    0.8656   1.1764   0.8807
18   lymphoma_Hodgkin                170   0.9132    0.8516   1.1485   0.8746
19   lymphoma_other                  763   0.8964    0.8347   1.3877   1.0233
20   medulloblastoma                 340   0.9375    0.9012   1.0528   0.7734
21   melanoma                       4331   0.8876    0.8440   1.3334   0.9525
22   mesothelioma                    642   0.9059    0.8695   1.2171   0.8993
23   multiple_myeloma               1506   0.8972    0.8497   1.3548   0.9661
24   neuroblastoma                  1429   0.8941    0.8690   1.2900   0.9335
25   osteosarcoma                    827   0.9212    0.8820   1.1082   0.8038
26   other                           170   0.9291    0.8838   0.9656   0.7172
27   ovary                          3750   0.9097    0.8813   1.1972   0.8757
28   pancreas                       2945   0.9194    0.8935   1.1334   0.8566
29   prostate                        514   0.9160    0.8722   1.1456   0.8779
30   soft_tissue                    1363   0.9211    0.8900   1.1773   0.8398
31   stomach                        2474   0.8920    0.8618   1.3324   0.9764
32   thyroid                        1185   0.9299    0.8952   1.0856   0.8328
33   upper_aerodigestive            1301   0.9135    0.8775   1.1296   0.8277
34   urinary_tract                  1951   0.9312    0.8975   1.0697   0.7935

  Pooled 95% CI bootstrap (n=1000): PCC=[0.9083, 0.9116]  RMSE=[1.2157, 1.2365]