================================================================================
Phase 6 Generalization Report | model=cdr_baseline
ckpt: data/model/cdr_baseline/best_model.pt
kinds evaluated: ['lodo', 'lco']
total inference time (full-pool): 3.3s
================================================================================

[Note] 数据泄漏口径说明:
  - 这是 Phase 6 真泛化口径: 每折留出一个未见药物 (LODO) 或未见癌症类型 (LOCO).
  - 与 Phase 4 final_eval_report.txt 中 paired random split 不同:
    Phase 4 的 cell/drug 同时出现在 train/val/test, 评估已见 cell/drug 新组合.
  - 本评估**纯推理**, 不重训; 用 Phase 4 已训 ckpt 直接在留出集上算指标.
  - 若 LODO/LOCO PCC 显著低于 Phase 4 paired-split PCC, 说明模型对未见 cell/drug
    的泛化能力有限 (这正是 GDGN 图架构应优于 baseline 的口径).

================================================================================
[Leave-One-Drug-Out (LODO)] 共 184 折
================================================================================
--- 汇总 ---
  pooled (全 test 拼起来评估): PCC=0.9332 RMSE=1.0606 Spearman=0.9027 N=66543
  PCC  | mean=0.7078  median=0.7191  weighted_mean=0.7078  std=0.1010
  RMSE | mean=1.0150  median=0.9869  weighted_mean=1.0173
  7 无 DTI 药物 folds (跨折 pooled): PCC=0.9161  RMSE=1.0467  N=2220  across 7 folds

--- 每折明细 ---
fold held_drug_idx         N      PCC  Spearman     RMSE      MAE    no_dti
0    0                   327   0.7325    0.7101   0.7709   0.5694         -
1    1                   404   0.6259    0.6266   1.0378   0.7663         -
2    2                   324   0.8072    0.8044   1.3513   1.0937324 (no_dti)
3    3                    77   0.7591    0.6297   0.6624   0.5235         -
4    4                   401   0.7975    0.7482   0.6175   0.4598         -
5    5                   404   0.8037    0.7906   1.0041   0.8018         -
6    6                   382   0.6937    0.6677   0.6613   0.5117         -
7    7                   324   0.8032    0.7900   1.3769   1.0812         -
8    8                   385   0.6923    0.6583   1.1664   0.9245         -
9    9                   402   0.7401    0.7172   0.7252   0.5583         -
10   10                  403   0.8064    0.7718   0.7784   0.5779         -
11   11                  329   0.8654    0.8576   1.1487   0.8598         -
12   12                  324   0.7790    0.7690   1.4293   1.1876324 (no_dti)
13   13                  326   0.7444    0.7086   0.9242   0.7514         -
14   14                  327   0.4888    0.4860   0.8060   0.6379         -
15   15                  327   0.8644    0.8676   1.1442   0.8595         -
16   16                  403   0.8733    0.8821   1.0435   0.8003         -
17   17                  401   0.8230    0.8216   1.3130   1.0462         -
18   18                  401   0.8365    0.8303   0.9004   0.7160         -
19   19                  403   0.6963    0.6793   1.0187   0.8343         -
20   20                  402   0.9072    0.9058   1.3789   1.0835         -
21   21                  324   0.8486    0.8381   0.4606   0.3283         -
22   22                  403   0.7809    0.7774   0.6572   0.4920         -
23   23                  399   0.8042    0.7975   1.2006   0.9325         -
24   24                  401   0.6574    0.6595   0.8994   0.6881         -
25   25                  324   0.6041    0.5743   0.7381   0.5678324 (no_dti)
26   26                  399   0.7835    0.7928   1.0645   0.8260         -
27   27                  373   0.4061    0.3842   2.2354   1.9346         -
28   28                  404   0.8343    0.8437   1.2523   0.9491         -
29   29                  401   0.6438    0.6721   0.8932   0.6163         -
30   30                  401   0.6366    0.5833   0.7904   0.5912         -
31   31                  399   0.6269    0.6062   1.0524   0.8291         -
32   32                  403   0.7131    0.7232   1.1295   0.8713         -
33   33                  401   0.7067    0.6708   0.8157   0.5922         -
34   34                  399   0.8029    0.7807   0.5972   0.4328         -
35   35                  401   0.6141    0.5242   0.9415   0.6884         -
36   36                   77   0.7234    0.6503   0.7371   0.5462         -
37   37                  324   0.7491    0.7615   1.0605   0.8492         -
38   38                  324   0.8491    0.8455   1.0580   0.8040         -
39   39                  402   0.7906    0.7764   0.9740   0.7826         -
40   40                  404   0.6109    0.4880   0.8123   0.6534         -
41   41                   77   0.7841    0.6798   0.7604   0.618077 (no_dti)
42   42                  401   0.6389    0.6825   1.2234   0.8259         -
43   43                  324   0.6735    0.6547   1.5367   1.0701         -
44   44                   77   0.7305    0.7398   0.9640   0.7558         -
45   45                  329   0.4586    0.3850   1.1893   0.9600         -
46   46                  393   0.6098    0.5463   0.7286   0.5933         -
47   47                  382   0.7235    0.7113   0.7093   0.5378382 (no_dti)
48   48                  401   0.6351    0.5750   0.9444   0.7887         -
49   49                  324   0.7630    0.8006   0.7487   0.5129         -
50   50                  402   0.5204    0.4808   2.0123   1.6009         -
51   51                  401   0.7357    0.6909   0.7698   0.5986         -
52   52                  396   0.6774    0.6602   1.1673   0.9659         -
53   53                  397   0.8554    0.8454   1.1634   0.8922         -
54   54                  399   0.6955    0.6947   1.1078   0.7771         -
55   55                  404   0.7919    0.7451   0.9686   0.7640         -
56   56                  324   0.6289    0.6016   0.9038   0.6896         -
57   57                  345   0.7198    0.7236   1.1787   0.9259         -
58   58                  110   0.8452    0.8652   1.3627   1.0845         -
59   59                  336   0.8846    0.8790   0.8878   0.7013         -
60   60                  401   0.7866    0.7660   1.0367   0.7860         -
61   61                  399   0.5919    0.5959   1.3263   1.0251         -
62   62                  222   0.5734    0.6346   2.2217   1.5075         -
63   63                  393   0.6578    0.6295   1.2693   1.0233         -
64   64                  403   0.8017    0.7988   1.3185   1.0322         -
65   65                   99   0.4922    0.4543   1.3793   1.1129         -
66   66                  403   0.8497    0.8361   0.8509   0.6854         -
67   67                  393   0.7163    0.7012   1.1797   0.9504393 (no_dti)
68   68                  382   0.7566    0.7664   0.8349   0.6550         -
69   69                  396   0.6956    0.7001   0.7429   0.5110396 (no_dti)
70   70                  398   0.7375    0.7152   0.7534   0.5996         -
71   71                  401   0.6076    0.6046   0.9374   0.6966         -
72   72                  382   0.7375    0.7101   1.2777   1.0033         -
73   73                   77   0.7062    0.6922   1.1086   0.9143         -
74   74                   77   0.7369    0.7158   0.8160   0.6568         -
75   75                  403   0.7949    0.7247   1.1487   0.9375         -
76   76                  402   0.6823    0.7560   1.0653   0.7072         -
77   77                  403   0.7351    0.7176   1.0537   0.8586         -
78   78                  401   0.2643    0.3039   1.7490   1.3159         -
79   79                  400   0.6748    0.5393   1.5086   1.1370         -
80   80                  393   0.7556    0.7344   0.8781   0.6954         -
81   81                  385   0.8552    0.8545   1.4589   1.1382         -
82   82                  404   0.7160    0.6925   1.2091   0.9785         -
83   83                  152   0.6453    0.6588   1.1133   0.8817         -
84   84                  402   0.6402    0.6248   1.3297   1.0807         -
85   85                  399   0.7687    0.7659   0.7667   0.5989         -
86   86                  398   0.7279    0.7053   0.6373   0.4927         -
87   87                  403   0.8162    0.8250   0.8755   0.6781         -
88   88                  397   0.7932    0.7835   0.9215   0.7296         -
89   89                  403   0.6141    0.5914   1.0551   0.8059         -
90   90                  382   0.6007    0.6269   0.8244   0.6170         -
91   91                  399   0.7963    0.8394   0.6955   0.3876         -
92   92                  402   0.7680    0.7421   0.9070   0.7133         -
93   93                  399   0.8278    0.7965   0.5150   0.3830         -
94   94                  401   0.7123    0.7001   1.0392   0.8229         -
95   95                  110   0.7061    0.6743   0.9930   0.7612         -
96   96                  401   0.7539    0.7291   0.6874   0.5371         -
97   97                  343   0.5941    0.5701   0.9204   0.7193         -
98   98                  401   0.7315    0.7228   1.4340   1.1244         -
99   99                  324   0.7532    0.7675   0.9840   0.7588         -
100  100                 404   0.7129    0.7045   0.8769   0.6787         -
101  101                 403   0.8180    0.7821   0.7405   0.5852         -
102  102                 403   0.5901    0.5856   1.1735   0.8941         -
103  103                 381   0.5371    0.5764   0.9826   0.6890         -
104  104                 395   0.7838    0.7620   1.4191   1.0812         -
105  105                 399   0.7814    0.7307   0.6021   0.4771         -
106  106                 399   0.7126    0.7181   1.4587   1.1780         -
107  107                 401   0.6616    0.6400   1.0693   0.8568         -
108  108                 380   0.6420    0.6505   1.3920   1.0144         -
109  109                 403   0.7921    0.7874   0.8541   0.6595         -
110  110                 403   0.7668    0.7397   1.2076   0.9619         -
111  111                 396   0.6877    0.6380   1.2035   1.0128         -
112  112                 382   0.8313    0.7909   0.8271   0.6673         -
113  113                 404   0.7792    0.7694   0.9205   0.7294         -
114  114                 403   0.6288    0.5550   1.4954   1.1353         -
115  115                 382   0.7640    0.7645   1.0749   0.8331         -
116  116                 385   0.7572    0.7068   0.7879   0.5820         -
117  117                 401   0.6867    0.6542   1.0471   0.8293         -
118  118                 324   0.6083    0.6084   1.1474   0.8961         -
119  119                 330   0.6506    0.6258   1.0636   0.8364         -
120  120                 382   0.4172    0.3752   1.0610   0.8524         -
121  121                 382   0.7816    0.7528   0.6058   0.4598         -
122  122                 396   0.6782    0.6692   1.0275   0.7936         -
123  123                 109   0.6932    0.6382   0.9898   0.8371         -
124  124                 398   0.8226    0.7930   1.1169   0.8868         -
125  125                 382   0.7091    0.6952   0.9471   0.7672         -
126  126                 399   0.6317    0.6896   1.4818   0.9997         -
127  127                 399   0.7708    0.7281   0.7297   0.5735         -
128  128                 323   0.8146    0.7984   0.7814   0.5979         -
129  129                 395   0.6766    0.6386   1.1954   0.9515         -
130  130                 324   0.6926    0.6773   1.1026   0.9037         -
131  131                 400   0.6992    0.6632   0.7455   0.5969         -
132  132                 399   0.7589    0.7567   1.2777   0.9919         -
133  133                 382   0.7522    0.7621   1.0421   0.7716         -
134  134                 403   0.7425    0.6765   0.7823   0.6315         -
135  135                 382   0.7263    0.6967   1.0743   0.8528         -
136  136                 324   0.5799    0.5663   1.2275   0.9702         -
137  137                 401   0.7225    0.6710   1.3268   0.9352         -
138  138                 377   0.4931    0.5252   2.1140   1.4814         -
139  139                 396   0.7807    0.7637   0.9834   0.7688         -
140  140                 403   0.6987    0.6961   1.1992   0.9281         -
141  141                 402   0.5305    0.4983   1.2563   0.9600         -
142  142                 403   0.7083    0.6873   1.1718   0.9399         -
143  143                 110   0.5945    0.4959   0.7882   0.6361         -
144  144                 401   0.6144    0.5941   1.1037   0.8591         -
145  145                 382   0.6355    0.6271   1.3566   1.1516         -
146  146                 380   0.7003    0.6635   0.9054   0.6933         -
147  147                  77   0.7793    0.7295   0.6181   0.4770         -
148  148                 401   0.6737    0.6076   0.6950   0.5488         -
149  149                 403   0.6200    0.6233   1.1071   0.8689         -
150  150                 401   0.6918    0.6187   0.7072   0.5265         -
151  151                 403   0.8147    0.7906   0.6274   0.4735         -
152  152                 395   0.5397    0.4811   0.7306   0.5582         -
153  153                 403   0.7876    0.8115   0.6620   0.4468         -
154  154                 382   0.7185    0.6734   0.7730   0.6169         -
155  155                 324   0.7679    0.7759   0.6556   0.4865         -
156  156                 382   0.7157    0.6918   1.2250   1.0103         -
157  157                 382   0.6279    0.6072   0.9269   0.7456         -
158  158                 381   0.6933    0.6807   0.7607   0.6130         -
159  159                 401   0.5532    0.5257   0.9993   0.7106         -
160  160                 396   0.7369    0.6877   0.7737   0.5884         -
161  161                 326   0.8748    0.8360   0.5121   0.3817         -
162  162                 403   0.7641    0.7483   0.6921   0.5537         -
163  163                 395   0.6652    0.6210   0.8370   0.6818         -
164  164                 401   0.6321    0.6131   1.0189   0.7838         -
165  165                 324   0.6283    0.5725   0.7284   0.5751         -
166  166                 382   0.5810    0.5368   1.1116   0.9158         -
167  167                 324   0.6627    0.6628   0.6919   0.5431         -
168  168                 324   0.7390    0.7105   0.6317   0.5256         -
169  169                 326   0.7349    0.6791   0.6853   0.5384         -
170  170                 403   0.6354    0.5860   0.8342   0.6468         -
171  171                 382   0.7812    0.7489   0.5915   0.4410         -
172  172                 401   0.7764    0.7291   0.7779   0.6213         -
173  173                 396   0.6827    0.6461   0.9229   0.7120         -
174  174                 322   0.7591    0.7884   1.7550   1.3193         -
175  175                 398   0.4079    0.3457   1.3493   1.1067         -
176  176                 324   0.7184    0.6726   0.7078   0.5562         -
177  177                 401   0.5676    0.5557   1.1323   0.8515         -
178  178                 403   0.7606    0.7439   1.3021   0.9739         -
179  179                 392   0.6104    0.6830   1.0332   0.7047         -
180  180                 382   0.7238    0.6946   0.7181   0.5803         -
181  181                 399   0.8314    0.7962   1.2009   0.9353         -
182  182                 397   0.6855    0.6791   0.8171   0.6389         -
183  183                 401   0.8043    0.8151   0.9300   0.7494         -

  Pooled 95% CI bootstrap (n=1000): PCC=[0.9318, 0.9346]  RMSE=[1.0514, 1.0693]

================================================================================
[Leave-One-Cancer-Out (LOCO)] 共 35 折
================================================================================
--- 汇总 ---
  pooled (全 test 拼起来评估): PCC=0.9332 RMSE=1.0606 Spearman=0.9027 N=66543
  PCC  | mean=0.9340  median=0.9358  weighted_mean=0.9308  std=0.0129
  RMSE | mean=1.0417  median=1.0257  weighted_mean=1.0578

--- 每折明细 ---
fold held_cancer_type                  N      PCC  Spearman     RMSE      MAE
0    AML                            1506   0.9148    0.8929   1.2172   0.8680
1    B-cell_ALL                      679   0.9512    0.9199   0.9587   0.7238
2    CML                             994   0.9042    0.9019   1.3086   0.8674
3    Ewings_Sarcoma                  512   0.9496    0.9156   0.9499   0.7170
4    T-cell_ALL                     1176   0.9396    0.9016   1.0257   0.7491
5    bile_duct                       172   0.9432    0.9215   0.9672   0.7409
6    breast                         6387   0.9166    0.8790   1.1241   0.8310
7    colorectal                     4400   0.9284    0.8985   1.0975   0.8280
8    endometrium                     853   0.9375    0.9074   0.9966   0.7370
9    esophagus                      2468   0.9359    0.9098   1.0101   0.7501
10   glioma                         3628   0.9465    0.9080   0.9614   0.7274
11   kidney                         1793   0.9300    0.9020   1.0775   0.8249
12   leukemia_other                  319   0.9328    0.8998   1.0777   0.7954
13   liver                          1364   0.9209    0.8738   1.0584   0.7997
14   lung_NSC                       7885   0.9363    0.9082   1.0142   0.7591
15   lung_small_cell                5743   0.9307    0.8867   1.0439   0.7855
16   lymphoma_Burkitt                511   0.9438    0.8910   1.0091   0.7642
17   lymphoma_DLBCL                  492   0.9432    0.8984   0.9715   0.7483
18   lymphoma_Hodgkin                170   0.9343    0.8680   1.0840   0.8281
19   lymphoma_other                  763   0.9156    0.8536   1.2029   0.8801
20   medulloblastoma                 340   0.9625    0.9190   0.8676   0.6430
21   melanoma                       4331   0.9239    0.8812   1.0943   0.8059
22   mesothelioma                    642   0.9301    0.8821   1.0497   0.7931
23   multiple_myeloma               1506   0.9153    0.8730   1.1816   0.8634
24   neuroblastoma                  1429   0.9239    0.8916   1.1379   0.8313
25   osteosarcoma                    827   0.9358    0.8991   1.0170   0.7563
26   other                           170   0.9543    0.9103   0.7975   0.6352
27   ovary                          3750   0.9341    0.9039   1.0366   0.7654
28   pancreas                       2945   0.9369    0.9058   1.0147   0.7738
29   prostate                        514   0.9415    0.8944   0.9827   0.7761
30   soft_tissue                    1363   0.9379    0.9098   1.0349   0.7369
31   stomach                        2474   0.9131    0.8812   1.1942   0.8771
32   thyroid                        1185   0.9446    0.9048   0.9587   0.7425
33   upper_aerodigestive            1301   0.9311    0.8960   1.0107   0.7397
34   urinary_tract                  1951   0.9491    0.9144   0.9270   0.7132

  Pooled 95% CI bootstrap (n=1000): PCC=[0.9318, 0.9346]  RMSE=[1.0514, 1.0693]