================================================================================
Phase 6 Generalization Report | model=gdgn
ckpt: data/model/arch/B4_dual_encoder/best_model.pt
kinds evaluated: ['lodo', 'lco']
total inference time (full-pool): 1513.0s
================================================================================

[Note] 数据泄漏口径说明:
  - 这是 Phase 6 真泛化口径: 每折留出一个未见药物 (LODO) 或未见癌症类型 (LOCO).
  - 与 Phase 4 final_eval_report.txt 中 paired random split 不同:
    Phase 4 的 cell/drug 同时出现在 train/val/test, 评估已见 cell/drug 新组合.
  - 本评估**纯推理**, 不重训; 用 Phase 4 已训 ckpt 直接在留出集上算指标.
  - 若 LODO/LOCO PCC 显著低于 Phase 4 paired-split PCC, 说明模型对未见 cell/drug
    的泛化能力有限 (这正是 GDGN 图架构应优于 baseline 的口径).

================================================================================
[Leave-One-Drug-Out (LODO)] 共 184 折
================================================================================
--- 汇总 ---
  pooled (全 test 拼起来评估): PCC=0.9482 RMSE=0.9361 Spearman=0.9211 N=66543
  PCC  | mean=0.7784  median=0.7895  weighted_mean=0.7801  std=0.0782
  RMSE | mean=0.9055  median=0.8722  weighted_mean=0.9046
  7 无 DTI 药物 folds (跨折 pooled): PCC=0.9134  RMSE=1.0623  N=2220  across 7 folds

--- 每折明细 ---
fold held_drug_idx         N      PCC  Spearman     RMSE      MAE    no_dti
0    0                   327   0.7726    0.7663   0.7961   0.6888         -
1    1                   404   0.7073    0.6980   0.9702   0.7337         -
2    2                   324   0.7828    0.7800   1.3924   1.0926324 (no_dti)
3    3                    77   0.7681    0.6377   0.7790   0.6345         -
4    4                   401   0.8117    0.7714   0.6236   0.5341         -
5    5                   404   0.8081    0.7975   1.0772   0.8463         -
6    6                   382   0.6950    0.6590   0.6463   0.4955         -
7    7                   324   0.8558    0.8449   1.1178   0.8994         -
8    8                   385   0.7370    0.7205   1.0985   0.8872         -
9    9                   402   0.7900    0.7845   0.7469   0.5761         -
10   10                  403   0.8266    0.7995   0.7194   0.5868         -
11   11                  329   0.8651    0.8566   1.2368   0.9577         -
12   12                  324   0.6642    0.6535   1.7347   1.4137324 (no_dti)
13   13                  326   0.7666    0.7224   1.0104   0.8141         -
14   14                  327   0.5993    0.5745   0.7047   0.5671         -
15   15                  327   0.8876    0.8924   1.1913   0.9989         -
16   16                  403   0.9171    0.9260   0.7841   0.6286         -
17   17                  401   0.8706    0.8778   0.9972   0.8172         -
18   18                  401   0.8678    0.8695   0.7831   0.6050         -
19   19                  403   0.7441    0.7221   1.0047   0.7884         -
20   20                  402   0.9284    0.9332   1.1754   0.9188         -
21   21                  324   0.8644    0.8527   0.5698   0.4816         -
22   22                  403   0.8128    0.7996   0.5959   0.4741         -
23   23                  399   0.8452    0.8451   1.0804   0.8607         -
24   24                  401   0.7981    0.7635   0.7123   0.5288         -
25   25                  324   0.6871    0.6692   0.6315   0.5154324 (no_dti)
26   26                  399   0.8041    0.8146   0.9485   0.7200         -
27   27                  373   0.7320    0.7258   1.8203   1.4971         -
28   28                  404   0.8837    0.8954   1.1781   0.9945         -
29   29                  401   0.6840    0.7110   0.8290   0.5992         -
30   30                  401   0.6630    0.6290   0.7684   0.5689         -
31   31                  399   0.7710    0.7490   0.8685   0.6697         -
32   32                  403   0.8328    0.8151   0.9071   0.7233         -
33   33                  401   0.7669    0.7351   0.7963   0.5453         -
34   34                  399   0.8101    0.7946   0.5756   0.4412         -
35   35                  401   0.6739    0.5996   0.9519   0.7862         -
36   36                   77   0.7578    0.6803   0.7046   0.5317         -
37   37                  324   0.7970    0.8113   0.9564   0.7299         -
38   38                  324   0.8773    0.8710   0.9506   0.7149         -
39   39                  402   0.8335    0.8158   1.1288   0.9299         -
40   40                  404   0.6703    0.5511   0.6730   0.5589         -
41   41                   77   0.7680    0.7206   0.7347   0.596077 (no_dti)
42   42                  401   0.7019    0.7366   1.1960   0.8579         -
43   43                  324   0.7115    0.6956   1.4162   1.1038         -
44   44                   77   0.7783    0.7807   0.8542   0.6935         -
45   45                  329   0.5978    0.5238   1.0814   0.8726         -
46   46                  393   0.6271    0.5403   0.6839   0.5542         -
47   47                  382   0.7238    0.7244   0.6237   0.4799382 (no_dti)
48   48                  401   0.7373    0.7034   0.8082   0.6601         -
49   49                  324   0.8175    0.8418   0.7086   0.5766         -
50   50                  402   0.7770    0.7801   1.6242   1.2417         -
51   51                  401   0.7708    0.7378   0.6974   0.5699         -
52   52                  396   0.7692    0.7621   1.0872   0.8494         -
53   53                  397   0.8922    0.8831   1.1135   0.8929         -
54   54                  399   0.8159    0.7774   0.9626   0.7137         -
55   55                  404   0.8120    0.7739   0.9443   0.7701         -
56   56                  324   0.6761    0.6628   1.0414   0.8672         -
57   57                  345   0.7966    0.7951   1.0502   0.8131         -
58   58                  110   0.9070    0.8891   1.0119   0.7951         -
59   59                  336   0.8831    0.8757   0.9042   0.7204         -
60   60                  401   0.8353    0.8366   0.9415   0.6864         -
61   61                  399   0.7211    0.7307   1.1374   0.8999         -
62   62                  222   0.7605    0.7738   1.7596   1.3116         -
63   63                  393   0.7914    0.7656   1.0179   0.7693         -
64   64                  403   0.9492    0.9435   0.7451   0.5692         -
65   65                   99   0.5574    0.5079   1.3244   1.1051         -
66   66                  403   0.8520    0.8400   0.9829   0.8092         -
67   67                  393   0.8055    0.7992   0.9899   0.7897393 (no_dti)
68   68                  382   0.7956    0.8091   0.7857   0.5989         -
69   69                  396   0.7110    0.7009   0.7061   0.4950396 (no_dti)
70   70                  398   0.7627    0.7377   0.7341   0.5819         -
71   71                  401   0.6624    0.6803   0.8980   0.6444         -
72   72                  382   0.8288    0.8210   1.0998   0.8514         -
73   73                   77   0.7666    0.7736   1.0912   0.9564         -
74   74                   77   0.8624    0.8588   0.6103   0.4888         -
75   75                  403   0.9261    0.8935   0.7102   0.5692         -
76   76                  402   0.8324    0.8307   0.8644   0.5944         -
77   77                  403   0.7889    0.7525   0.9713   0.7687         -
78   78                  401   0.7372    0.6974   1.3434   1.0921         -
79   79                  400   0.8725    0.7773   1.0033   0.7940         -
80   80                  393   0.7779    0.7552   0.8881   0.6933         -
81   81                  385   0.8923    0.8976   1.1371   0.9307         -
82   82                  404   0.7426    0.7189   1.2189   0.9135         -
83   83                  152   0.7476    0.7432   1.0396   0.8341         -
84   84                  402   0.8934    0.8423   0.7938   0.6185         -
85   85                  399   0.7596    0.7427   0.7937   0.6211         -
86   86                  398   0.7790    0.7596   0.6292   0.5224         -
87   87                  403   0.8492    0.8624   0.8280   0.6113         -
88   88                  397   0.8612    0.8422   0.7962   0.6143         -
89   89                  403   0.6561    0.6474   0.9864   0.7654         -
90   90                  382   0.6427    0.6716   0.7875   0.6070         -
91   91                  399   0.7976    0.8592   0.6611   0.3585         -
92   92                  402   0.8583    0.8379   0.7355   0.5620         -
93   93                  399   0.8258    0.7909   0.5131   0.4175         -
94   94                  401   0.8133    0.8060   0.9733   0.8000         -
95   95                  110   0.7475    0.7377   0.9424   0.7232         -
96   96                  401   0.8255    0.7947   0.5845   0.4508         -
97   97                  343   0.6366    0.6331   0.8483   0.6427         -
98   98                  401   0.8001    0.7924   1.2963   0.9895         -
99   99                  324   0.8111    0.8171   0.8526   0.6433         -
100  100                 404   0.8471    0.8468   0.7129   0.5524         -
101  101                 403   0.8414    0.7890   0.7163   0.5561         -
102  102                 403   0.8116    0.7117   0.8763   0.7281         -
103  103                 381   0.6174    0.6394   0.9183   0.6763         -
104  104                 395   0.8648    0.8319   1.1146   0.8584         -
105  105                 399   0.8094    0.7598   0.5620   0.4569         -
106  106                 399   0.8131    0.8239   1.2158   0.9299         -
107  107                 401   0.8286    0.8049   0.8368   0.6559         -
108  108                 380   0.8168    0.7817   1.0356   0.8043         -
109  109                 403   0.8183    0.8168   0.8218   0.6385         -
110  110                 403   0.9139    0.9002   0.8269   0.6507         -
111  111                 396   0.7609    0.7272   1.1043   0.9079         -
112  112                 382   0.8363    0.7979   0.8368   0.6871         -
113  113                 404   0.8784    0.8700   0.7543   0.5846         -
114  114                 403   0.8265    0.7601   1.0805   0.8324         -
115  115                 382   0.8148    0.8176   0.9995   0.7727         -
116  116                 385   0.7884    0.7493   0.7398   0.5936         -
117  117                 401   0.8370    0.8189   0.8970   0.7081         -
118  118                 324   0.7025    0.7091   1.0665   0.8061         -
119  119                 330   0.7184    0.7081   0.9861   0.7828         -
120  120                 382   0.6506    0.6366   0.8961   0.7225         -
121  121                 382   0.7975    0.7756   0.6107   0.5112         -
122  122                 396   0.7869    0.7546   0.8609   0.6308         -
123  123                 109   0.7516    0.7374   0.9356   0.7641         -
124  124                 398   0.9223    0.9102   0.7628   0.5986         -
125  125                 382   0.7931    0.7854   0.8375   0.6688         -
126  126                 399   0.8522    0.7798   1.0841   0.8028         -
127  127                 399   0.7911    0.7573   0.6763   0.5186         -
128  128                 323   0.8433    0.8261   0.7317   0.5860         -
129  129                 395   0.7206    0.6773   1.1356   0.9152         -
130  130                 324   0.8368    0.8133   0.8854   0.7282         -
131  131                 400   0.7297    0.6977   0.7298   0.5838         -
132  132                 399   0.8315    0.8190   1.1331   0.8865         -
133  133                 382   0.7772    0.7670   0.9495   0.7549         -
134  134                 403   0.7752    0.7411   0.7263   0.5787         -
135  135                 382   0.8404    0.8297   0.8758   0.7068         -
136  136                 324   0.7102    0.7057   1.1140   0.9010         -
137  137                 401   0.8663    0.7378   0.9782   0.6953         -
138  138                 377   0.7563    0.7561   1.6983   1.2130         -
139  139                 396   0.8194    0.8035   0.9213   0.7418         -
140  140                 403   0.8399    0.8375   0.9777   0.7562         -
141  141                 402   0.6184    0.6050   1.1969   0.8948         -
142  142                 403   0.8704    0.8620   0.9034   0.7069         -
143  143                 110   0.6437    0.5465   0.7198   0.5655         -
144  144                 401   0.7418    0.7361   0.9821   0.7596         -
145  145                 382   0.7247    0.7224   1.2277   1.0186         -
146  146                 380   0.7177    0.6859   0.8857   0.6790         -
147  147                  77   0.8404    0.8151   0.4835   0.3590         -
148  148                 401   0.7054    0.6473   0.6277   0.5014         -
149  149                 403   0.7883    0.7719   0.9197   0.7492         -
150  150                 401   0.7402    0.6979   0.6639   0.5176         -
151  151                 403   0.8304    0.8058   0.5539   0.4176         -
152  152                 395   0.6910    0.6652   0.5650   0.4567         -
153  153                 403   0.8151    0.8394   0.6102   0.4345         -
154  154                 382   0.7418    0.6998   0.7318   0.5899         -
155  155                 324   0.7879    0.8042   0.6002   0.4603         -
156  156                 382   0.7676    0.7572   1.1608   0.9561         -
157  157                 382   0.6925    0.6810   0.8615   0.6857         -
158  158                 381   0.7175    0.6995   0.7253   0.5764         -
159  159                 401   0.5886    0.5712   0.9404   0.6847         -
160  160                 396   0.7742    0.7353   0.7056   0.5522         -
161  161                 326   0.8857    0.8815   0.5014   0.3795         -
162  162                 403   0.8189    0.8066   0.6324   0.4989         -
163  163                 395   0.6807    0.6366   0.8321   0.6912         -
164  164                 401   0.8114    0.7760   0.7944   0.6034         -
165  165                 324   0.6642    0.6142   0.6882   0.5393         -
166  166                 382   0.6684    0.6351   1.0332   0.8635         -
167  167                 324   0.7079    0.6992   0.6348   0.4975         -
168  168                 324   0.7569    0.7370   0.5549   0.4442         -
169  169                 326   0.7375    0.6765   0.6920   0.5616         -
170  170                 403   0.7628    0.7100   0.6971   0.5313         -
171  171                 382   0.8097    0.7750   0.4730   0.3576         -
172  172                 401   0.8055    0.7692   0.7546   0.6063         -
173  173                 396   0.6866    0.6515   0.8617   0.6798         -
174  174                 322   0.8150    0.8226   1.6121   1.2811         -
175  175                 398   0.5104    0.4675   1.2420   1.0338         -
176  176                 324   0.7318    0.7087   0.6927   0.5849         -
177  177                 401   0.6828    0.6909   1.0262   0.7590         -
178  178                 403   0.7955    0.7872   1.0951   0.8585         -
179  179                 392   0.8058    0.8111   0.7950   0.5888         -
180  180                 382   0.7540    0.7350   0.7162   0.6031         -
181  181                 399   0.8579    0.8299   1.1031   0.8641         -
182  182                 397   0.6698    0.6761   0.8345   0.6235         -
183  183                 401   0.8383    0.8443   0.8616   0.6822         -

  Pooled 95% CI bootstrap (n=1000): PCC=[0.9471, 0.9492]  RMSE=[0.9286, 0.9434]

================================================================================
[Leave-One-Cancer-Out (LOCO)] 共 35 折
================================================================================
--- 汇总 ---
  pooled (全 test 拼起来评估): PCC=0.9482 RMSE=0.9361 Spearman=0.9211 N=66543
  PCC  | mean=0.9484  median=0.9482  weighted_mean=0.9463  std=0.0088
  RMSE | mean=0.9195  median=0.9032  weighted_mean=0.9342

--- 每折明细 ---
fold held_cancer_type                  N      PCC  Spearman     RMSE      MAE
0    AML                            1506   0.9398    0.9216   1.0172   0.7168
1    B-cell_ALL                      679   0.9592    0.9338   0.8679   0.6443
2    CML                             994   0.9328    0.9305   1.1023   0.7260
3    Ewings_Sarcoma                  512   0.9594    0.9272   0.8610   0.6477
4    T-cell_ALL                     1176   0.9561    0.9230   0.8679   0.6600
5    bile_duct                       172   0.9522    0.9280   0.9005   0.6874
6    breast                         6387   0.9374    0.9064   0.9886   0.7486
7    colorectal                     4400   0.9436    0.9172   0.9749   0.7470
8    endometrium                     853   0.9496    0.9178   0.8963   0.6789
9    esophagus                      2468   0.9505    0.9273   0.8886   0.6710
10   glioma                         3628   0.9547    0.9208   0.8869   0.6816
11   kidney                         1793   0.9452    0.9217   0.9598   0.7458
12   leukemia_other                  319   0.9430    0.9207   1.0005   0.7458
13   liver                          1364   0.9331    0.8929   0.9739   0.7568
14   lung_NSC                       7885   0.9493    0.9228   0.9032   0.6869
15   lung_small_cell                5743   0.9455    0.9071   0.9273   0.7121
16   lymphoma_Burkitt                511   0.9611    0.9167   0.8199   0.6364
17   lymphoma_DLBCL                  492   0.9560    0.9228   0.8884   0.6825
18   lymphoma_Hodgkin                170   0.9453    0.8921   0.8999   0.7028
19   lymphoma_other                  763   0.9354    0.8876   1.0485   0.7503
20   medulloblastoma                 340   0.9708    0.9329   0.7319   0.5619
21   melanoma                       4331   0.9463    0.9072   0.9295   0.7202
22   mesothelioma                    642   0.9424    0.9064   0.9692   0.7453
23   multiple_myeloma               1506   0.9388    0.9004   1.0198   0.7611
24   neuroblastoma                  1429   0.9456    0.9160   0.9323   0.7130
25   osteosarcoma                    827   0.9509    0.9216   0.8886   0.6812
26   other                           170   0.9586    0.9173   0.7408   0.6024
27   ovary                          3750   0.9478    0.9220   0.9201   0.6886
28   pancreas                       2945   0.9482    0.9208   0.9231   0.7180
29   prostate                        514   0.9543    0.9158   0.8737   0.6796
30   soft_tissue                    1363   0.9456    0.9167   0.9663   0.6918
31   stomach                        2474   0.9329    0.9046   1.0526   0.7871
32   thyroid                        1185   0.9557    0.9195   0.8776   0.6916
33   upper_aerodigestive            1301   0.9486    0.9171   0.8651   0.6603
34   urinary_tract                  1951   0.9595    0.9277   0.8200   0.6305

  Pooled 95% CI bootstrap (n=1000): PCC=[0.9471, 0.9492]  RMSE=[0.9286, 0.9434]