================================================================================
Phase 6 Generalization Report | model=gdgn
ckpt: data/model/arch/B1_bypass_residual/best_model.pt
kinds evaluated: ['lodo', 'lco']
total inference time (full-pool): 1512.4s
================================================================================

[Note] 数据泄漏口径说明:
  - 这是 Phase 6 真泛化口径: 每折留出一个未见药物 (LODO) 或未见癌症类型 (LOCO).
  - 与 Phase 4 final_eval_report.txt 中 paired random split 不同:
    Phase 4 的 cell/drug 同时出现在 train/val/test, 评估已见 cell/drug 新组合.
  - 本评估**纯推理**, 不重训; 用 Phase 4 已训 ckpt 直接在留出集上算指标.
  - 若 LODO/LOCO PCC 显著低于 Phase 4 paired-split PCC, 说明模型对未见 cell/drug
    的泛化能力有限 (这正是 GDGN 图架构应优于 baseline 的口径).

================================================================================
[Leave-One-Drug-Out (LODO)] 共 184 折
================================================================================
--- 汇总 ---
  pooled (全 test 拼起来评估): PCC=0.9310 RMSE=1.0709 Spearman=0.8991 N=66543
  PCC  | mean=0.7111  median=0.7282  weighted_mean=0.7109  std=0.0889
  RMSE | mean=1.0248  median=0.9848  weighted_mean=1.0274
  7 无 DTI 药物 folds (跨折 pooled): PCC=0.8910  RMSE=1.1901  N=2220  across 7 folds

--- 每折明细 ---
fold held_drug_idx         N      PCC  Spearman     RMSE      MAE    no_dti
0    0                   327   0.7384    0.7279   0.7035   0.5889         -
1    1                   404   0.6253    0.6220   1.0662   0.8037         -
2    2                   324   0.6962    0.6853   1.6296   1.2988324 (no_dti)
3    3                    77   0.7453    0.6198   0.7187   0.5922         -
4    4                   401   0.7770    0.7351   0.6522   0.5414         -
5    5                   404   0.7675    0.7550   1.0992   0.8652         -
6    6                   382   0.6576    0.6565   0.7511   0.5691         -
7    7                   324   0.7968    0.7780   1.4882   1.1847         -
8    8                   385   0.6766    0.6480   1.2036   0.9593         -
9    9                   402   0.7404    0.7282   0.7276   0.5580         -
10   10                  403   0.8079    0.7742   0.7609   0.6264         -
11   11                  329   0.8313    0.8196   1.2739   1.0084         -
12   12                  324   0.5725    0.5659   1.8951   1.5361324 (no_dti)
13   13                  326   0.7568    0.7177   0.9133   0.7253         -
14   14                  327   0.5133    0.4864   0.8611   0.6855         -
15   15                  327   0.8520    0.8584   1.1755   0.9577         -
16   16                  403   0.8266    0.8226   1.1482   0.9296         -
17   17                  401   0.8080    0.8063   1.0995   0.8890         -
18   18                  401   0.8406    0.8286   1.0463   0.8633         -
19   19                  403   0.7172    0.6979   1.0215   0.7956         -
20   20                  402   0.8301    0.8378   1.7001   1.3384         -
21   21                  324   0.8339    0.8141   0.5018   0.4007         -
22   22                  403   0.7841    0.7817   0.6472   0.5100         -
23   23                  399   0.7508    0.7359   1.3196   1.0667         -
24   24                  401   0.6508    0.6532   0.9157   0.7121         -
25   25                  324   0.6493    0.6340   0.7692   0.5710324 (no_dti)
26   26                  399   0.7797    0.7878   1.0983   0.8996         -
27   27                  373   0.4248    0.3997   2.2127   1.9459         -
28   28                  404   0.8220    0.8229   1.2917   1.0688         -
29   29                  401   0.6454    0.6898   0.8598   0.6614         -
30   30                  401   0.6004    0.6028   0.8247   0.6368         -
31   31                  399   0.6135    0.6033   1.0858   0.8396         -
32   32                  403   0.7120    0.7236   1.2089   0.9413         -
33   33                  401   0.7323    0.7154   0.8117   0.5568         -
34   34                  399   0.7485    0.7621   0.6645   0.4761         -
35   35                  401   0.6202    0.5531   0.9669   0.7792         -
36   36                   77   0.7685    0.6975   0.7220   0.5594         -
37   37                  324   0.7509    0.7556   1.0773   0.8540         -
38   38                  324   0.8467    0.8406   1.1281   0.9046         -
39   39                  402   0.8155    0.7977   0.9670   0.7543         -
40   40                  404   0.5845    0.4502   0.8167   0.6831         -
41   41                   77   0.7592    0.7246   0.7620   0.610477 (no_dti)
42   42                  401   0.6637    0.7009   1.2219   0.8379         -
43   43                  324   0.6542    0.6554   1.5057   1.1614         -
44   44                   77   0.7644    0.7302   0.9276   0.7618         -
45   45                  329   0.5037    0.4192   1.1781   0.9529         -
46   46                  393   0.5664    0.5222   0.7311   0.5840         -
47   47                  382   0.7087    0.7081   0.6457   0.4791382 (no_dti)
48   48                  401   0.6288    0.5693   0.9329   0.7766         -
49   49                  324   0.7635    0.8226   0.7290   0.5447         -
50   50                  402   0.5942    0.5830   1.9974   1.5727         -
51   51                  401   0.7285    0.7030   0.7734   0.6333         -
52   52                  396   0.6937    0.6694   1.2238   0.9608         -
53   53                  397   0.8496    0.8402   1.1154   0.8969         -
54   54                  399   0.7231    0.7038   1.0967   0.8154         -
55   55                  404   0.7964    0.7592   0.9893   0.7979         -
56   56                  324   0.5846    0.5973   1.0245   0.8318         -
57   57                  345   0.7608    0.7612   1.0964   0.8614         -
58   58                  110   0.8589    0.8643   1.3149   0.9967         -
59   59                  336   0.8416    0.8223   1.0109   0.7846         -
60   60                  401   0.8040    0.7868   1.0683   0.7868         -
61   61                  399   0.6454    0.6633   1.2694   1.0141         -
62   62                  222   0.5577    0.6169   2.1595   1.5931         -
63   63                  393   0.6678    0.6455   1.2325   0.9277         -
64   64                  403   0.8708    0.8400   1.2393   0.9562         -
65   65                   99   0.4477    0.3690   1.4149   1.1553         -
66   66                  403   0.8340    0.8140   0.9068   0.7539         -
67   67                  393   0.7647    0.7584   1.1092   0.8905393 (no_dti)
68   68                  382   0.7521    0.7593   0.8614   0.6524         -
69   69                  396   0.6455    0.6542   0.7801   0.5571396 (no_dti)
70   70                  398   0.7293    0.7132   0.7578   0.6017         -
71   71                  401   0.6215    0.6198   0.9446   0.6876         -
72   72                  382   0.7174    0.7041   1.3755   1.0765         -
73   73                   77   0.7610    0.7907   1.0983   0.9305         -
74   74                   77   0.7990    0.7966   0.7250   0.5982         -
75   75                  403   0.8446    0.7879   1.0220   0.8051         -
76   76                  402   0.6801    0.7405   1.1377   0.7700         -
77   77                  403   0.7496    0.7153   1.0269   0.8132         -
78   78                  401   0.5313    0.5119   1.6304   1.3298         -
79   79                  400   0.7353    0.5992   1.4524   1.1188         -
80   80                  393   0.7383    0.7174   0.9389   0.7253         -
81   81                  385   0.8328    0.8371   1.2875   1.0171         -
82   82                  404   0.6763    0.6624   1.3076   0.9943         -
83   83                  152   0.6902    0.7042   1.0959   0.8878         -
84   84                  402   0.7265    0.7117   1.2521   0.9945         -
85   85                  399   0.7603    0.7572   0.8099   0.6331         -
86   86                  398   0.7230    0.7280   0.6651   0.5204         -
87   87                  403   0.8240    0.8350   0.8744   0.6495         -
88   88                  397   0.7968    0.7891   0.9529   0.7243         -
89   89                  403   0.5914    0.5690   1.0673   0.8065         -
90   90                  382   0.5763    0.6096   0.8421   0.6375         -
91   91                  399   0.7614    0.8333   0.7297   0.4532         -
92   92                  402   0.7939    0.7740   0.9076   0.7143         -
93   93                  399   0.7902    0.7937   0.5410   0.4054         -
94   94                  401   0.7440    0.7291   0.9551   0.7586         -
95   95                  110   0.7269    0.7002   0.9708   0.7366         -
96   96                  401   0.7795    0.7535   0.6037   0.4568         -
97   97                  343   0.6258    0.6052   0.8469   0.6399         -
98   98                  401   0.7470    0.7375   1.3948   1.0708         -
99   99                  324   0.8057    0.8095   0.8943   0.6785         -
100  100                 404   0.7330    0.7283   0.9022   0.6973         -
101  101                 403   0.8081    0.7813   0.7860   0.5900         -
102  102                 403   0.6660    0.6384   1.1045   0.8681         -
103  103                 381   0.5687    0.6060   0.9605   0.6789         -
104  104                 395   0.7887    0.7653   1.4510   1.1227         -
105  105                 399   0.7457    0.7131   0.6459   0.5153         -
106  106                 399   0.7128    0.7206   1.4728   1.1400         -
107  107                 401   0.7007    0.6902   1.0531   0.8294         -
108  108                 380   0.6937    0.6955   1.3468   1.0048         -
109  109                 403   0.7694    0.7801   0.8806   0.7018         -
110  110                 403   0.8282    0.7977   1.1350   0.8820         -
111  111                 396   0.6968    0.6499   1.1856   0.9825         -
112  112                 382   0.7977    0.7728   0.9313   0.7398         -
113  113                 404   0.7671    0.7605   1.0192   0.7999         -
114  114                 403   0.6865    0.5768   1.4284   1.0792         -
115  115                 382   0.7679    0.7701   1.1013   0.8823         -
116  116                 385   0.7386    0.7043   0.7714   0.5980         -
117  117                 401   0.6951    0.6701   1.0836   0.8577         -
118  118                 324   0.6443    0.6484   1.1340   0.8569         -
119  119                 330   0.6466    0.6252   1.0620   0.8489         -
120  120                 382   0.5183    0.5211   1.0099   0.7994         -
121  121                 382   0.7681    0.7527   0.6353   0.5182         -
122  122                 396   0.7137    0.6780   0.9804   0.7234         -
123  123                 109   0.7359    0.7009   0.9932   0.8147         -
124  124                 398   0.8482    0.8060   1.1089   0.8738         -
125  125                 382   0.7252    0.7139   0.9361   0.7646         -
126  126                 399   0.7170    0.7177   1.3926   1.0420         -
127  127                 399   0.7625    0.7305   0.7075   0.5426         -
128  128                 323   0.8204    0.8120   0.8275   0.6859         -
129  129                 395   0.6751    0.6343   1.2042   0.9830         -
130  130                 324   0.7150    0.7113   1.1112   0.9358         -
131  131                 400   0.6839    0.6796   0.7779   0.6177         -
132  132                 399   0.7345    0.7199   1.3633   1.0745         -
133  133                 382   0.7397    0.7416   0.9510   0.7108         -
134  134                 403   0.6725    0.6510   0.8648   0.6841         -
135  135                 382   0.7286    0.7150   1.1108   0.8784         -
136  136                 324   0.5659    0.5690   1.2460   0.9941         -
137  137                 401   0.7793    0.7075   1.2470   0.8222         -
138  138                 377   0.5041    0.5238   2.0944   1.4861         -
139  139                 396   0.7677    0.7527   1.0286   0.8377         -
140  140                 403   0.7322    0.7370   1.2049   0.9407         -
141  141                 402   0.5597    0.5482   1.2581   0.9275         -
142  142                 403   0.7216    0.7072   1.1929   0.9651         -
143  143                 110   0.5992    0.4907   0.7752   0.6268         -
144  144                 401   0.6234    0.6302   1.1451   0.8894         -
145  145                 382   0.6389    0.6284   1.3584   1.1520         -
146  146                 380   0.6813    0.6714   0.9554   0.7277         -
147  147                  77   0.7508    0.6659   0.6552   0.5407         -
148  148                 401   0.6461    0.6214   0.6798   0.5386         -
149  149                 403   0.6816    0.6690   1.0758   0.8864         -
150  150                 401   0.7009    0.6398   0.7220   0.5485         -
151  151                 403   0.7995    0.7974   0.6039   0.4707         -
152  152                 395   0.6441    0.6068   0.6175   0.4993         -
153  153                 403   0.7905    0.8145   0.6621   0.4772         -
154  154                 382   0.6746    0.6610   0.8274   0.6715         -
155  155                 324   0.7234    0.7604   0.6870   0.4923         -
156  156                 382   0.7084    0.6840   1.2607   1.0404         -
157  157                 382   0.6359    0.6349   0.9301   0.7473         -
158  158                 381   0.6507    0.6357   0.7905   0.6281         -
159  159                 401   0.5746    0.5663   0.9691   0.7105         -
160  160                 396   0.7279    0.6889   0.7664   0.5993         -
161  161                 326   0.8482    0.8523   0.5640   0.4160         -
162  162                 403   0.7901    0.7816   0.6657   0.5261         -
163  163                 395   0.5634    0.5466   0.9080   0.7472         -
164  164                 401   0.6577    0.6374   1.0360   0.7843         -
165  165                 324   0.6586    0.6354   0.6997   0.5556         -
166  166                 382   0.6003    0.5791   1.1007   0.9278         -
167  167                 324   0.6533    0.6491   0.7044   0.5715         -
168  168                 324   0.7447    0.7331   0.5723   0.4594         -
169  169                 326   0.7114    0.6637   0.7504   0.6033         -
170  170                 403   0.6042    0.5812   0.8643   0.6611         -
171  171                 382   0.7381    0.7335   0.5483   0.4301         -
172  172                 401   0.7729    0.7410   0.7944   0.6430         -
173  173                 396   0.6452    0.6286   0.9093   0.7160         -
174  174                 322   0.7503    0.7770   1.8204   1.4153         -
175  175                 398   0.4497    0.3858   1.2938   1.0769         -
176  176                 324   0.7082    0.6937   0.6904   0.5728         -
177  177                 401   0.5854    0.5691   1.1236   0.8529         -
178  178                 403   0.7515    0.7452   1.1880   0.9194         -
179  179                 392   0.7352    0.7759   0.9145   0.6335         -
180  180                 382   0.7301    0.7121   0.7287   0.6069         -
181  181                 399   0.7656    0.7571   1.4304   1.0819         -
182  182                 397   0.6566    0.6777   0.8481   0.6438         -
183  183                 401   0.8047    0.8175   0.9788   0.7792         -

  Pooled 95% CI bootstrap (n=1000): PCC=[0.9296, 0.9323]  RMSE=[1.0626, 1.0790]

================================================================================
[Leave-One-Cancer-Out (LOCO)] 共 35 折
================================================================================
--- 汇总 ---
  pooled (全 test 拼起来评估): PCC=0.9310 RMSE=1.0709 Spearman=0.8991 N=66543
  PCC  | mean=0.9323  median=0.9322  weighted_mean=0.9287  std=0.0116
  RMSE | mean=1.0467  median=1.0419  weighted_mean=1.0686

--- 每折明细 ---
fold held_cancer_type                  N      PCC  Spearman     RMSE      MAE
0    AML                            1506   0.9252    0.9058   1.1524   0.7927
1    B-cell_ALL                      679   0.9506    0.9223   0.9678   0.6988
2    CML                             994   0.9118    0.9100   1.2691   0.8064
3    Ewings_Sarcoma                  512   0.9389    0.9030   1.0419   0.7541
4    T-cell_ALL                     1176   0.9403    0.9029   0.9897   0.7394
5    bile_duct                       172   0.9461    0.9209   0.9560   0.7235
6    breast                         6387   0.9158    0.8793   1.1407   0.8562
7    colorectal                     4400   0.9228    0.8904   1.1266   0.8595
8    endometrium                     853   0.9352    0.8997   0.9957   0.7465
9    esophagus                      2468   0.9322    0.9046   1.0325   0.7762
10   glioma                         3628   0.9426    0.9024   0.9937   0.7679
11   kidney                         1793   0.9283    0.8979   1.0809   0.8326
12   leukemia_other                  319   0.9320    0.9047   1.1538   0.8239
13   liver                          1364   0.9173    0.8666   1.0624   0.8188
14   lung_NSC                       7885   0.9306    0.8998   1.0483   0.7895
15   lung_small_cell                5743   0.9240    0.8789   1.0782   0.8176
16   lymphoma_Burkitt                511   0.9458    0.8951   0.9516   0.7116
17   lymphoma_DLBCL                  492   0.9459    0.8994   0.9758   0.7449
18   lymphoma_Hodgkin                170   0.9330    0.8704   0.9804   0.7766
19   lymphoma_other                  763   0.9170    0.8544   1.2052   0.8798
20   medulloblastoma                 340   0.9627    0.9225   0.8214   0.6298
21   melanoma                       4331   0.9278    0.8875   1.0701   0.8139
22   mesothelioma                    642   0.9204    0.8791   1.1231   0.8518
23   multiple_myeloma               1506   0.9205    0.8810   1.1614   0.8400
24   neuroblastoma                  1429   0.9186    0.8862   1.1176   0.8332
25   osteosarcoma                    827   0.9373    0.9001   0.9865   0.7423
26   other                           170   0.9358    0.8898   0.8950   0.6722
27   ovary                          3750   0.9314    0.9001   1.0489   0.7867
28   pancreas                       2945   0.9368    0.9066   1.0252   0.7950
29   prostate                        514   0.9342    0.8833   1.0364   0.8101
30   soft_tissue                    1363   0.9342    0.9035   1.0510   0.7519
31   stomach                        2474   0.9140    0.8807   1.1936   0.8914
32   thyroid                        1185   0.9447    0.9067   0.9797   0.7811
33   upper_aerodigestive            1301   0.9303    0.8927   0.9968   0.7488
34   urinary_tract                  1951   0.9477    0.9122   0.9250   0.7056

  Pooled 95% CI bootstrap (n=1000): PCC=[0.9296, 0.9323]  RMSE=[1.0626, 1.0790]